#geneID	mirID	0	4	8	12	16	20	0	4	8	12	16	20
dme-miR-125-5p_MIMAT0000397	dme-miR-125-5p_MIMAT0000397	1912.858734	2779.349348	2855.855485	2087.340395	1653.622853	1951.518897	2352.530097	2436.607278	2635.554871	2941.333748	2836.04069	2496.68041
dme-miR-929-3p_MIMAT0005511	dme-miR-929-3p_MIMAT0005511	91.898382	77.023785	78.890204	84.851545	90.548258	87.439045	79.140546	110.071704	72.710152	99.209475	66.421969	85.33525
dme-miR-137-5p_MIMAT0020888	dme-miR-137-5p_MIMAT0020888	10.184716	9.653739	11.609373	8.801395	6.914594	10.099459	10.102578	11.671491	10.017634	10.905469	12.220066	14.677202
dme-miR-2a-3p_MIMAT0000106	dme-miR-2a-3p_MIMAT0000106	1215.99216	1394.19922	1515.178702	1302.508687	1154.293507	1219.967958	1341.172135	1570.576523	1539.915728	1633.028987	1575.455522	1538.627338
dme-miR-305-5p_MIMAT0000391	dme-miR-305-5p_MIMAT0000391	2702.606771	2390.159362	2756.0383	2620.809083	2496.850562	2485.042993	2876.250397	3214.908549	3266.524725	3020.89066	3106.721711	3176.519179
dme-miR-13b-3p_MIMAT0000119	dme-miR-13b-3p_MIMAT0000119	343.968135	352.833867	347.720784	415.923072	373.721274	385.435174	358.684997	446.197189	338.636008	426.783764	365.09143	417.188577
dme-miR-2500-5p_MIMAT0012214	dme-miR-2500-5p_MIMAT0012214	2.280747	2.301781	2.341948	3.048102	2.257827	2.956876	2.542224	2.569196	2.633744	2.8021	1.80673	2.343742
dme-miR-4952-3p_MIMAT0020167	dme-miR-4952-3p_MIMAT0020167	1.690899	3.023235	3.245271	2.40038	3.15155	3.225683	2.475905	2.275574	2.680775	2.309839	2.463723	2.612696
dme-miR-87-3p_MIMAT0000361	dme-miR-87-3p_MIMAT0000361	17.977269	19.965948	18.668674	18.974436	20.461554	20.058115	14.943857	17.0301	14.085828	16.244605	19.11849	18.346502
