#mirID	0	4	8	12	16	20
dme-miR-125-5p_MIMAT0000397	2352.530097	2436.607278	2635.554871	2941.333748	2836.040690	2496.680410
dme-miR-929-3p_MIMAT0005511	79.140546	110.071704	72.710152	99.209475	66.421969	85.335250
dme-miR-9370-3p_MIMAT0035204	0.000000	0.000000	0.000000	0.000000	0.000000	0.000000
dme-miR-10404-3p_MIMAT0041638_2	0.033755	0.064995	0.032500	0.038580	0.042804	0.050263
dme-miR-2491-5p_MIMAT0012198	0.000000	0.000000	0.000000	0.000000	0.000000	0.000000
dme-miR-iab-8-5p_MIMAT0005463	0.132638	0.110108	0.470311	0.113599	0.065699	0.000000
dme-miR-9c-3p_MIMAT0020828	0.530551	0.990976	0.893592	0.719458	0.558444	0.461064
dme-miR-137-5p_MIMAT0020888	10.102578	11.671491	10.017634	10.905469	12.220066	14.677202
dme-miR-2a-3p_MIMAT0000106	1341.172135	1570.576523	1539.915728	1633.028987	1575.455522	1538.627338
dme-miR-305-5p_MIMAT0000391	2876.250397	3214.908549	3266.524725	3020.890660	3106.721711	3176.519179
dme-miR-13b-3p_MIMAT0000119	358.684997	446.197189	338.636008	426.783764	365.091430	417.188577
rr733586-1a-3p-miR	0.110531	0.146811	0.141093	0.075732	0.065699	0.076844
dme-miR-2500-5p_MIMAT0012214	2.542224	2.569196	2.633744	2.802100	1.806730	2.343742
dme-miR-4952-3p_MIMAT0020167	2.475905	2.275574	2.680775	2.309839	2.463723	2.612696
dme-miR-4977-3p_MIMAT0020209	0.000000	0.000000	0.000000	0.000000	0.000000	0.000000
dme-miR-5-5p_MIMAT0000110	8.444606	18.351401	7.572014	7.043115	7.226920	7.914931
dme-miR-3645-3p_MIMAT0018064	0.088425	0.110108	0.047031	0.113599	0.131399	0.115266
dme-miR-10404-3p_MIMAT0041638_4	0.033755	0.064995	0.032500	0.038580	0.042804	0.050263
rr901627-1a-3p-miR	0.265276	0.165163	0.435038	0.255597	0.221735	0.528302
dme-miR-2282-3p_MIMAT0011790	0.176850	0.146811	0.329218	0.265063	0.394196	0.614752
rr627154-1a-3p-miR	1.127421	0.972624	0.517343	1.135986	1.051188	1.498458
dme-miR-965-3p_MIMAT0005480	25.245392	30.500029	22.527919	31.088160	25.622718	26.242222
dme-miR-4979-5p_MIMAT0020211	0.000000	0.000000	0.000000	0.000000	0.000000	0.000000
dme-miR-3-3p_MIMAT0000108	1.149527	2.826116	1.928277	1.590381	1.281136	1.613724
rr567113-1a-5p-miR	0.600028	0.384188	0.572085	0.468656	0.497437	0.576330
dme-miR-277-3p_MIMAT0000338	30072.257896	29476.057116	31795.029955	29251.781290	30821.140467	29570.373781
dme-miR-9373-5p_MIMAT0035209	0.000000	0.000000	0.047031	0.037866	0.032850	0.000000
dme-miR-184-5p_MIMAT0000330	3.227519	5.615529	4.326865	7.232446	7.029823	6.339629
dme-miR-6-3p_MIMAT0000111_2	1.591653	6.190539	1.504997	2.442371	1.987403	2.234879
dme-miR-6-3p_MIMAT0000111_1	1.591653	6.190539	1.504997	2.442371	1.987403	2.215668
dme-miR-9382-3p_MIMAT0035228	0.000000	0.036703	0.000000	0.000000	0.032850	0.038422
dme-miR-2495-3p_MIMAT0012205	0.000000	0.000000	0.000000	0.000000	0.000000	0.000000
dme-miR-279-3p_MIMAT0000341	2418.959522	2015.901409	2174.296907	1938.750054	2025.870056	1812.519166
dme-miR-33-3p_MIMAT0020808	16.004960	24.994608	24.315102	38.850733	19.791907	31.659723
dme-miR-1007-5p_MIMAT0020904	1.061102	1.137787	1.599059	1.325317	1.215437	0.883706
dme-miR-1004-3p_MIMAT0005017	7.737204	13.066198	9.782478	10.204944	9.230748	9.739976
dme-miR-979-3p_MIMAT0005495	0.088425	0.110108	0.329218	0.265063	0.361346	0.461064
dme-miR-993-5p_MIMAT0020893	76.487790	92.050628	75.343896	81.866750	75.587018	83.798370
dme-miR-34-3p_MIMAT0020812	745.490678	824.418342	937.942143	826.013548	874.933696	912.483946
dme-miR-4941-3p_MIMAT0020149	0.088425	0.018351	0.000000	0.000000	0.000000	0.000000
rr194477-1a-5p-miR	0.574764	0.256920	0.094062	0.151465	0.131399	0.192110
dme-miR-1008-3p_MIMAT0005021	0.331594	1.211192	0.752498	0.757324	0.656993	0.742825
dme-miR-31a-5p_MIMAT0000400	3740.481369	3182.261407	3390.177446	3256.790849	3335.043123	3131.533427
dme-miR-998-3p_MIMAT0005518	58.979602	54.393553	63.397985	63.558437	65.321506	55.097140
dme-miR-6-2-5p_MIMAT0020788	0.044213	0.880867	0.000000	0.037866	0.032850	0.000000
dme-miR-219-5p_MIMAT0000335	46.290587	64.762094	57.425029	53.523891	50.062849	58.170900
rr724257-1a-3p-miR	0.221063	0.110108	0.235156	0.037866	0.295647	0.076844
rr266290-1a-3p-miR	0.088425	0.146811	0.000000	0.075732	0.229947	0.345798
rr765733-1b-3p-miR	0.000000	0.000000	0.000000	0.000000	0.000000	0.000000
rr373604-1a-5p-miR	0.221063	0.183514	0.376249	0.113599	0.098549	0.230532
dme-miR-975-5p_MIMAT0005491	0.044213	0.073406	0.047031	0.075732	0.065699	0.038422
dme-miR-966-3p_MIMAT0020862	0.000000	0.036703	0.047031	0.113599	0.032850	0.076844
rr126254-1a-3p-miR	0.176850	0.110108	0.188125	0.075732	0.229947	0.076844
rr724257-1a-5p-miR	0.000000	0.000000	0.000000	0.000000	0.000000	0.000000
rr1083056-1a-5p-miR	0.000000	0.000000	0.000000	0.000000	0.000000	0.000000
rr271302-1a-3p-miR	0.132638	0.073406	0.000000	0.075732	0.032850	0.076844
dme-miR-13b-3p_MIMAT0000119_1	358.684997	446.160486	338.636008	426.783764	365.058580	417.188577
dme-miR-970-3p_MIMAT0005486	6194.273047	5165.423916	6085.336456	5412.287100	5738.924919	5083.204249
rr641508-1a-3p-miR	0.000000	0.000000	0.000000	0.000000	0.065699	0.115266
dme-miR-4980-3p_MIMAT0020213	0.044213	0.000000	0.000000	0.000000	0.000000	0.038422
dme-miR-954-5p_MIMAT0005465	1.083209	1.211192	1.269841	1.741846	1.773880	1.383192
dme-miR-987-5p_MIMAT0005504	10071.695562	10103.033539	7667.417174	8958.615629	7479.041444	9486.896316
dme-miR-1003-3p_MIMAT0005016	5.062342	6.386288	7.830686	6.115393	5.978634	7.914931
dme-miR-4913-3p_MIMAT0020506	2.188523	2.055357	1.693121	1.987976	2.118802	2.420586
dme-miR-4972-5p_MIMAT0020199	0.000000	0.000000	0.094062	0.000000	0.065699	0.000000
dme-miR-969-5p_MIMAT0005485	0.132638	0.146811	0.094062	0.265063	0.098549	0.268954
dme-miR-1-5p_MIMAT0020779	0.221063	0.348677	0.282187	0.246130	0.295647	0.461064
dme-let-7-5p_MIMAT0000396	20680.065713	20413.676478	19492.834444	23753.247581	23194.522022	23689.541734
dme-miR-980-5p_MIMAT0020877	14.280668	15.286717	16.554963	18.914173	19.759058	21.042446
dme-miR-1016-3p_MIMAT0005029	0.928465	1.578220	0.705467	1.438916	0.689842	0.806862
rr753053-1b-3p-miR	0.000000	0.073406	0.000000	0.000000	0.065699	0.000000
rr347030-1b-5p-miR	1.105315	0.367028	0.893592	0.340796	1.084038	0.768440
dme-miR-994-3p_MIMAT0020894	0.088425	0.660650	1.646090	0.113599	0.000000	0.115266
dme-miR-4960-3p_MIMAT0020180	0.972677	1.321301	2.351557	1.855444	1.773880	1.613724
dme-miR-2498-5p_MIMAT0012210	0.000000	0.000000	0.000000	0.000000	0.000000	0.019211
dme-miR-263a-3p_MIMAT0020799	41.913540	48.704618	59.823618	67.629055	66.849014	51.197308
dme-miR-962-3p_MIMAT0020857	0.000000	0.000000	0.000000	0.000000	0.000000	0.000000
rr432755-1a-3p-miR	50.092871	45.639934	49.382703	39.658546	48.004272	43.263166
rr68215-1a-3p-miR	0.840039	0.587245	0.940623	0.467017	0.492745	0.614752
dme-miR-2b-1-5p_MIMAT0020782	15.297558	18.901943	17.918867	19.084571	17.607406	20.363657
dme-miR-274-3p_MIMAT0020800	0.486339	0.587245	0.752498	1.060254	0.952640	0.614752
dme-miR-4968-3p_MIMAT0032118	0.000000	0.000000	0.001271	0.000000	0.000000	0.000000
dme-miR-983-3p_MIMAT0020880	0.000000	0.018351	0.023516	0.000000	0.016425	0.000000
dme-miR-932-5p_MIMAT0005479	737.510305	762.904446	790.758172	806.701780	794.665605	781.176780
rr139215-1a-5p-miR	0.088425	0.000000	0.047031	0.075732	0.065699	0.000000
dme-miR-2499-5p_MIMAT0012212	0.000000	0.000000	0.000000	0.000000	0.000000	0.000000
dme-miR-1014-5p_MIMAT0020907	0.000000	0.220217	0.188125	0.000000	0.000000	0.153688
dme-miR-1001-5p_MIMAT0005521	126.249066	175.916531	138.906489	144.005204	125.485619	145.446460
rr446444-1d-5p-miR	0.006316	0.002652	0.006075	0.004083	0.000000	0.005489
dme-miR-4957-3p_MIMAT0020176	0.221063	0.220217	0.329218	0.265063	0.197098	0.115266
rr817655-5b-3p-miR	1.818401	2.204615	2.420088	2.162521	3.194080	2.810477
dme-miR-375-5p_MIMAT0020853	0.486339	0.477136	0.658436	0.492261	0.755542	0.422642
dme-miR-10404-5p_MIMAT0041637_9	5.634917	6.503997	5.563854	5.690678	5.456969	6.627860
dme-miR-2491-3p_MIMAT0020912	0.000000	0.000000	0.000000	0.000000	0.002346	0.000000
rr315285-1a-3p-miR	0.751614	0.256920	0.423280	0.530127	0.328496	0.115266
dme-miR-2b-3p_MIMAT0000107_1	985.120735	1147.668485	1083.415748	1123.860967	1142.757347	1138.635165
dme-miR-10404-5p_MIMAT0041637_3	5.634917	6.503997	5.563854	5.690678	5.456969	6.627860
dme-miR-10404-5p_MIMAT0041637_2	5.634917	6.503997	5.563854	5.690678	5.456969	6.627860
dme-miR-10404-5p_MIMAT0041637_1	5.634917	6.503997	5.563854	5.690678	5.456969	6.627860
dme-miR-10404-5p_MIMAT0041637_7	5.634917	6.503997	5.563854	5.690678	5.456969	6.627860
dme-miR-10404-5p_MIMAT0041637_6	5.634917	6.503997	5.563854	5.690678	5.456969	6.627860
dme-miR-10404-5p_MIMAT0041637_5	5.634917	6.503997	5.563854	5.690678	5.456969	6.627860
dme-miR-10404-5p_MIMAT0041637_4	5.634917	6.503997	5.563854	5.690678	5.456969	6.627860
dme-miR-2494-3p_MIMAT0012203	0.000000	0.000000	0.000000	0.000000	0.000000	0.000000
dme-miR-263b-3p_MIMAT0020822	0.000000	0.146811	0.094062	0.037866	0.147823	0.038422
dme-miR-13a-3p_MIMAT0000118	340.970484	427.075029	323.194116	408.686870	347.932969	398.534699
rr309853-1a-5p-miR	0.044213	0.073406	0.094062	0.000000	0.098549	0.038422
dme-miR-313-5p_MIMAT0020839	0.044213	0.789110	0.799529	0.075732	0.164248	0.230532
rr593300-1b-5p-miR	0.176850	0.073406	0.094062	0.000000	0.229947	0.115266
dme-miR-9379-3p_MIMAT0035222	1.503228	1.027678	0.987654	0.870923	0.952640	1.037394
rr129188-1a-3p-miR	0.751614	1.101084	0.423280	0.492261	0.591293	0.653174
dme-miR-968-5p_MIMAT0005484	0.707402	1.064381	0.564374	0.643726	0.558444	0.845284
dme-miR-210-3p_MIMAT0000355	33538.296947	33912.704076	35981.672019	36074.666831	36587.823330	35963.313380
dme-miR-997-5p_MIMAT0005517	0.000000	0.000000	0.000000	0.000000	0.000000	0.000000
dme-miR-4963-5p_MIMAT0020185	0.000000	0.000000	0.000000	0.000000	0.000000	0.000000
dme-miR-927-3p_MIMAT0020882	996.286626	804.580478	913.062667	849.944994	914.090466	888.931263
dme-miR-4963-3p_MIMAT0020186	0.795827	0.293622	0.517343	0.530127	0.624143	0.499486
rr405314-1a-3p-miR	0.265276	0.146811	0.141093	0.265063	0.131399	0.268954
dme-miR-2b-3p_MIMAT0000107	986.701335	1150.038874	1085.826095	1126.164495	1144.961010	1140.697145
rr279401-1a-3p-miR	0.000000	0.036703	0.000000	0.037866	0.032850	0.038422
dme-miR-9371-3p_MIMAT0035206	0.132638	0.036703	0.094062	0.227197	0.262797	0.115266
dme-miR-317-3p_MIMAT0000409	3527.501928	4192.928119	3875.272362	4054.259585	3784.031982	4092.806902
rr844464-1a-3p-miR	0.000000	0.073406	0.094062	0.227197	0.098549	0.038422
dme-miR-1005-3p_MIMAT0005018	2.225367	1.920780	2.539682	1.830200	1.938129	2.113210
dme-miR-12-5p_MIMAT0000117	834.822227	1100.294955	1050.511191	940.520973	888.533447	1052.877914
dme-miR-10404-3p_MIMAT0041638_8	0.033755	0.064995	0.032500	0.038580	0.042804	0.050263
dme-miR-10404-3p_MIMAT0041638_9	0.033755	0.064995	0.032500	0.038580	0.042804	0.050263
dme-miR-14-5p_MIMAT0020798	424.684086	554.028799	583.538943	554.834671	607.159868	617.364607
dme-miR-4979-3p_MIMAT0020212	0.000000	0.036703	0.047031	0.037866	0.000000	0.000000
dme-miR-9380-5p_MIMAT0035223	0.000000	0.000000	0.000000	0.000000	0.000000	0.038422
dme-miR-10404-3p_MIMAT0041638_3	0.033755	0.064995	0.032500	0.038580	0.042804	0.050263
dme-miR-2283-5p_MIMAT0011791	0.265276	0.293622	0.094062	0.113599	0.492745	0.192110
dme-miR-10404-3p_MIMAT0041638_6	0.033755	0.064995	0.032500	0.038580	0.042804	0.050263
dme-miR-10404-3p_MIMAT0041638_7	0.033755	0.064995	0.032500	0.038580	0.042804	0.050263
dme-miR-9374-5p_MIMAT0035211	0.397913	0.477136	0.235156	0.416528	0.459895	0.307376
dme-miR-10404-3p_MIMAT0041638_5	0.033755	0.064995	0.032500	0.038580	0.042804	0.050263
rr1146-1a-5p-miR	0.007369	0.009176	0.007839	0.006311	0.010950	0.006404
rr641508-1a-5p-miR	0.176850	0.734056	0.470311	0.530127	0.131399	0.268954
rr776664-1a-5p-miR	0.044213	0.000000	0.000000	0.000000	0.000000	0.076844
rr817690-5b-3p-miR	1.833138	2.204615	2.404411	2.162521	3.172180	2.810477
dme-miR-6-3-5p_MIMAT0020789	0.000000	0.036703	0.000000	0.037866	0.000000	0.000000
dme-miR-184-3p_MIMAT0000331	89001.148375	95924.058040	93180.175682	98753.604076	93694.757250	104018.751302
dme-miR-190-5p_MIMAT0005467	1793.528147	1717.333434	1664.871212	2088.255325	1745.169895	1937.640390
rr471690-1b-3p-miR	0.044213	0.183514	0.188125	0.265063	0.131399	0.192110
rr242803-1a-5p-miR	0.088425	0.039761	0.047031	0.000000	0.065699	0.192110
dme-miR-13b-2-5p_MIMAT0020797	14.103818	17.800859	17.401524	16.244605	14.026796	14.139294
dme-miR-955-3p_MIMAT0020847	0.088425	0.183514	0.000000	0.227197	0.098549	0.000000
dme-miR-956-3p_MIMAT0005469	177.115657	2665.247384	5633.978549	152.790165	142.173235	155.416967
rr622889-1a-3p-miR	0.751614	0.403731	0.611405	0.662659	0.656993	0.499486
dme-miR-988-3p_MIMAT0005505	20.691495	23.122765	22.151670	26.506348	20.169678	24.148224
dme-miR-9370-5p_MIMAT0035203	3.139094	3.083035	3.433274	3.635156	3.186415	4.303263
dme-miR-963-5p_MIMAT0005477	0.309488	0.146811	0.188125	0.037866	0.098549	0.115266
rr527087-1a-5p-miR	8.813441	11.536734	9.555492	10.318579	9.181689	13.011575
dme-miR-964-5p_MIMAT0005478	0.265276	0.183514	0.423280	0.265063	0.492745	0.384220
rr494838-1a-3p-miR	0.088425	0.000000	0.329218	0.151465	0.197098	0.115266
dme-miR-985-5p_MIMAT0020883	0.000000	0.000000	0.000000	0.000000	0.000000	0.000000
dme-miR-92a-3p_MIMAT0000334	1.392697	3.798740	4.303350	2.044775	1.330410	1.210293
dme-miR-34-5p_MIMAT0000350	33477.799379	48535.143276	44128.054383	53585.928119	42520.413293	49255.159016
rr249955-1a-3p-miR	0.751614	0.256920	0.423280	0.530127	0.328496	0.115266
dme-miR-2497-5p_MIMAT0012208	0.000000	0.000000	0.070547	0.037866	0.000000	0.038422
dme-miR-277-5p_MIMAT0020804	152.268179	126.698073	132.345645	121.664139	153.604910	165.829328
dme-miR-4982-3p_MIMAT0020216	0.066319	0.103991	0.047031	0.037866	0.049274	0.000000
rr80643-2a-5p-miR	0.132638	0.000000	0.047031	0.037866	0.098549	0.153688
dme-miR-2493-5p_MIMAT0012200	0.000000	0.000000	0.000000	0.000000	0.000000	0.000000
rr903317-1a-3p-miR	0.066821	0.140267	0.044359	0.141042	0.156318	0.191324
rr167465-1a-3p-miR	0.176850	0.367028	0.752498	0.265063	0.394196	0.307376
dme-miR-9373-3p_MIMAT0035210	0.176850	0.110108	0.188125	0.265063	0.082124	0.153688
dme-miR-986-3p_MIMAT0020884	0.884252	0.734056	0.705467	0.870923	0.689842	0.653174
dme-miR-303-3p_MIMAT0020824	0.132638	0.146811	0.047031	0.151465	0.164248	0.153688
dme-miR-982-5p_MIMAT0005498	8.754094	8.368239	8.324513	9.087891	9.066500	8.990747
rr645002-1a-5p-miR	0.000000	0.000000	0.000000	0.000000	0.065699	0.038422
dme-miR-2498-3p_MIMAT0012211	0.000000	0.036703	0.000000	0.000000	0.000000	0.000000
rr884543-1b-3p-miR	1.833138	2.204615	2.404411	2.162521	3.172180	2.810477
rr462295-1a-5p-miR	0.044213	0.110108	0.188125	0.189331	0.131399	0.038422
rr481431-1a-3p-miR	0.088425	0.146811	0.094062	0.265063	0.197098	0.115266
dme-miR-2283-3p_MIMAT0020909	0.176850	0.045879	0.188125	0.189331	0.197098	0.230532
dme-miR-973-5p_MIMAT0005489	0.000000	0.073406	0.188125	0.000000	0.131399	0.115266
dme-miR-2490-3p_MIMAT0020911	0.000000	0.000000	0.000000	0.000000	0.000000	0.038422
dme-miR-133-3p_MIMAT0000340	32812.215598	37631.731730	31243.754378	35619.325632	31561.390646	31977.972796
rr885562-1b-3p-miR	0.088425	0.000000	0.141093	0.113599	0.131399	0.192110
dme-miR-4987-3p_MIMAT0020226	0.088425	0.073406	0.047031	0.037866	0.164248	0.076844
dme-miR-124-5p_MIMAT0020813	209.258214	227.043534	217.707174	213.338238	218.877141	204.174478
dme-miR-11182_MIMAT0043998	15.188949	12.628955	12.894373	14.823181	14.083109	12.397497
rr635885-1a-3p-miR	0.000000	0.146811	0.376249	0.037866	0.098549	0.038422
rr817686-1b-3p-miR	1.818401	2.204615	2.443604	2.162521	3.194080	2.810477
dme-miR-309-3p_MIMAT0000401	0.000000	0.000000	0.000000	0.000000	0.000000	0.000000
rr1170829-1a-5p-miR	0.000000	0.073406	0.000000	0.075732	0.065699	0.115266
dme-miR-4965-5p_MIMAT0020188	0.132638	0.110108	0.047031	0.037866	0.032850	0.038422
rr66138-1a-3p-miR	0.132638	0.330325	0.141093	0.302930	0.065699	0.115266
dme-miR-4944-3p_MIMAT0020154	0.000000	0.000000	0.000000	0.000000	0.000000	0.000000
dme-miR-4956-3p_MIMAT0020174	0.353701	0.293622	0.329218	0.416528	0.164248	0.384220
dme-miR-2501-5p_MIMAT0012216	0.353701	0.256920	0.376249	0.113599	0.295647	0.345798
dme-miR-4986-5p_MIMAT0020223	0.000000	0.000000	0.000000	0.000000	0.000000	0.000000
dme-miR-4977-5p_MIMAT0020208	0.044213	0.000000	0.000000	0.000000	0.000000	0.000000
dme-miR-988-5p_MIMAT0020886	89.884207	129.212215	95.379164	146.788371	89.285317	138.933932
dme-miR-977-5p_MIMAT0020874	0.088425	0.110108	0.047031	0.302930	0.032850	0.000000
rr111468-1d-5p-miR	0.000000	0.000000	0.000000	0.000000	0.032850	0.000000
rr989876-1a-5p-miR	0.044213	0.146811	0.094062	0.113599	0.065699	0.461064
rr1005758-2a-3p-miR	0.000000	0.073406	0.000000	0.000000	0.000000	0.038422
dme-miR-2489-3p_MIMAT0012196	9.240432	12.116513	9.129921	11.695926	10.321356	12.064506
dme-miR-971-5p_MIMAT0020868	11.406850	12.625764	9.970603	11.075867	13.336953	11.027112
rr496920-1a-3p-miR	0.353701	0.220217	0.376249	0.075732	0.328496	0.345798
dme-miR-995-5p_MIMAT0010206	2.254842	3.046333	1.528512	2.158374	1.905279	2.266898
dme-miR-2500-3p_MIMAT0012215	0.840039	1.101084	0.799529	1.590381	1.379685	1.344770
dme-miR-9369-3p_MIMAT0035202	0.000000	0.146811	0.047031	0.000000	0.032850	0.230532
rr1083056-1a-3p-miR	0.000000	0.036703	0.329218	0.075732	0.131399	0.076844
dme-bantam-3p_MIMAT0000365	89856.788840	87847.615601	99078.602525	74885.744937	96234.072630	89417.420059
dme-miR-307a-3p_MIMAT0000398	100.141529	119.908055	119.294502	114.886087	112.641410	113.095141
dme-miR-285-5p_MIMAT0020817	2175.436546	1867.842305	2131.851298	1969.251287	2044.561500	1896.259902
dme-miR-31b-5p_MIMAT0000389	3181.280462	2710.226668	2885.533250	2781.664555	2835.432971	2666.243075
rr76561-2a-5p-miR	0.397913	0.513839	0.517343	0.302930	0.459895	0.499486
dme-miR-285-3p_MIMAT0000356	199.899882	222.834946	207.924696	218.873016	205.928909	219.908285
dme-miR-4958-3p_MIMAT0020178	0.000000	0.000000	0.000000	0.000000	0.000000	0.000000
dme-miR-3644-5p_MIMAT0018061	0.000000	0.000000	0.000000	0.000000	0.065699	0.000000
dme-miR-87-5p_MIMAT0020821	3.404370	5.009932	5.220457	4.695410	5.453040	5.110125
dme-miR-972-3p_MIMAT0005488	0.442126	0.330325	0.329218	0.757324	0.821241	0.307376
dme-miR-4983-3p_MIMAT0020218	0.000000	0.000000	0.047031	0.000000	0.000000	0.000000
rr885562-1b-5p-miR	0.000000	0.000000	0.000000	0.000000	0.000000	0.000000
rr1098852-1a-3p-miR	0.000000	0.000000	0.047031	0.037866	0.065699	0.000000
rr1126954-1b-5p-miR	0.000000	0.000000	0.000000	0.000000	0.000000	0.000000
dme-miR-276b-5p_MIMAT0020815	72.044424	84.911933	87.995274	80.484634	86.181027	89.772990
dme-miR-1000-5p_MIMAT0005520	2229.309594	1886.909410	2304.243964	1957.323431	2223.214259	2020.555054
dme-miR-4954-3p_MIMAT0020170	0.000000	0.073406	0.000000	0.000000	0.000000	0.038422
dme-miR-980-3p_MIMAT0005496	34.883738	42.611953	36.213982	39.002198	37.317189	42.533148
dme-miR-9385-5p_MIMAT0035233	0.000000	0.036703	0.000000	0.000000	0.000000	0.000000
rr167465-1a-5p-miR	0.000000	0.000000	0.000000	0.000000	0.000000	0.076844
dme-miR-1014-3p_MIMAT0005027	0.000000	0.073406	0.188125	0.000000	0.000000	0.000000
dme-miR-125-3p_MIMAT0020831	120.877236	139.874379	119.082861	130.468033	120.049004	129.981607
dme-miR-314-3p_MIMAT0000406	0.132638	5.175095	10.840679	0.189331	0.131399	0.192110
rr568858-1a-3p-miR	0.248417	0.274315	0.302186	0.312577	0.275050	0.335003
dme-miR-4973-5p_MIMAT0020201	0.972677	0.844164	0.705467	1.135986	0.886940	0.691596
dme-miR-1006-5p_MIMAT0020903	2.166417	2.073708	2.586713	2.839966	1.938129	2.036366
dme-miR-9369-5p_MIMAT0035201	0.000000	0.110108	0.141093	0.151465	0.197098	0.038422
dme-miR-315-3p_MIMAT0020841	27.124427	33.069225	33.509691	29.971107	28.480637	29.584936
dme-miR-193-3p_MIMAT0005468	18.525077	35.308096	29.770715	33.284400	30.977209	33.965043
dme-miR-2279-3p_MIMAT0011785	0.000000	0.000000	0.000000	0.000000	0.000000	0.000000
dme-miR-1010-3p_MIMAT0005023	600.753378	612.404605	498.585017	631.103533	611.068975	571.975424
dme-miR-252-3p_MIMAT0020896	0.928465	1.486463	1.379580	2.170996	2.507522	1.050201
dme-miR-2281-5p_MIMAT0011788	0.000000	0.000000	0.000000	0.000000	0.000000	0.000000
dme-miR-959-5p_MIMAT0020854	0.397913	0.293622	0.329218	0.227197	0.229947	0.192110
rr76561-2a-3p-miR	26.660195	24.517472	25.914161	23.590650	23.618890	26.933818
rr446444-1d-3p-miR	1.063435	0.976520	0.542080	1.078015	1.061249	0.880230
rr471690-1b-5p-miR	0.022106	0.000000	0.000000	0.018933	0.000000	0.038422
dme-miR-4982-5p_MIMAT0020215	0.000000	0.110108	0.094062	0.037866	0.000000	0.038422
dme-miR-992-3p_MIMAT0005510	0.000000	0.036703	0.000000	0.000000	0.000000	0.000000
dme-miR-2492-3p_MIMAT0012199	0.618976	0.293622	0.329218	0.378662	0.262797	0.499486
rr1148444-1a-5p-miR	0.000000	0.000000	0.000000	0.000000	0.000000	0.000000
dme-miR-8-5p_MIMAT0020791	1322.995600	1506.393109	1764.302893	1425.341018	1609.927933	1669.051438
rr754903-2d-3p-miR	0.000000	0.073406	0.329218	0.151465	0.032850	0.268954
dme-miR-2280-3p_MIMAT0011787	0.088425	0.000000	0.000000	0.075732	0.131399	0.000000
rr305851-1a-3p-miR	0.132638	0.220217	0.094062	0.151465	0.131399	0.038422
dme-miR-4985-3p_MIMAT0020222	0.000000	0.036703	0.000000	0.000000	0.032850	0.000000
dme-miR-iab-8-3p_MIMAT0005464	0.000000	0.000000	0.000000	0.000000	0.000000	0.000000
dme-miR-3641-3p_MIMAT0018056	0.044213	0.183514	0.282187	0.151465	0.295647	0.076844
dme-miR-308-5p_MIMAT0020833	71.964842	110.086385	73.354478	105.737610	80.167353	113.198880
dme-miR-7-5p_MIMAT0000112	997.723535	1209.210520	899.117932	1137.191767	851.035584	1122.344880
dme-miR-2535b-3p_MIMAT0020510	44.345233	49.548783	48.457757	50.803834	50.859453	47.502392
dme-miR-318-5p_MIMAT0020844	0.000000	0.000000	0.235156	0.000000	0.000000	0.000000
rr271302-1a-5p-miR	0.000000	0.073406	0.141093	0.037866	0.328496	0.000000
rr645045-1a-3p-miR	1.547441	1.431409	1.552028	2.006909	1.313986	1.114238
dme-miR-957-3p_MIMAT0005470	33302.553151	26920.709145	28916.581200	26610.146264	29400.118162	26732.996003
dme-miR-4984-5p_MIMAT0020219	0.000000	0.000000	0.000000	0.000000	0.032850	0.000000
dme-miR-2496-5p_MIMAT0012206	0.000000	0.000000	0.000000	0.000000	0.000000	0.000000
dme-miR-1007-3p_MIMAT0005020	19.475648	21.269274	22.527919	22.189600	21.746461	22.918720
dme-miR-9a-5p_MIMAT0000114	7132.751705	6692.829379	6045.869486	6862.297956	6150.618488	6776.192590
rr817686-1b-5p-miR	124.434806	123.021510	134.915272	122.708272	159.174470	116.044332
dme-miR-975-3p_MIMAT0020872	0.000000	0.000000	0.000000	0.000000	0.000000	0.000000
rr932052-1a-3p-miR	0.110531	0.146811	0.141093	0.075732	0.065699	0.076844
rr186599-1a-3p-miR	1.075840	0.697353	0.564374	0.738391	1.029289	0.973357
rr185274-1a-3p-miR	0.088425	0.146811	0.047031	0.227197	0.164248	0.115266
rr568858-1a-5p-miR	0.000000	0.001468	0.049971	0.002777	0.000000	0.000000
rr922716-1a-5p-miR	9.638853	12.038094	10.893061	10.775061	10.203788	13.159769
dme-miR-1011-3p_MIMAT0005024	3.315945	4.734661	4.232803	4.581812	4.664649	4.879593
rr488204-1a-3p-miR	0.574764	0.146811	0.282187	0.492261	0.558444	0.537908
dme-miR-137-3p_MIMAT0005507	151.958691	166.887641	151.675446	163.279106	167.576956	152.458474
dme-miR-959-3p_MIMAT0005473	0.309488	0.220217	0.493827	0.302930	0.328496	0.192110
dme-miR-9a-3p_MIMAT0020792	10.345747	8.882078	11.334506	10.791870	9.953440	11.910818
rr55592-1b-3p-miR	0.000000	0.000000	0.047031	0.000000	0.065699	0.000000
dme-miR-282-3p_MIMAT0020809	1.459016	2.238871	1.787184	1.628247	1.576783	2.727962
dme-miR-100-3p_MIMAT0020818	21.708384	24.150444	25.114632	21.205079	24.801477	25.665892
dme-miR-303-5p_MIMAT0000388	0.000000	0.000000	0.000000	0.000000	0.000000	0.000000
dme-miR-1001-3p_MIMAT0020901	4.155984	3.046333	3.668429	5.168738	3.974806	4.034309
dme-miR-995-3p_MIMAT0005514	3797.007172	4544.492026	4709.826982	4724.567269	4671.099970	4613.668266
dme-miR-10-3p_MIMAT0012531	1917.102351	1891.662423	1999.341045	1956.244244	1898.906203	2035.481999
dme-miR-275-5p_MIMAT0020801	75.625645	124.624365	151.322712	134.481852	133.730878	125.716766
dme-miR-998-5p_MIMAT0020898	411.022394	334.637799	402.445516	365.219615	395.624621	363.260746
dme-miR-4940-3p_MIMAT0020147	5.393937	5.982557	6.019987	6.702320	7.095522	6.070675
dme-miR-310-5p_MIMAT0020836	0.000000	0.000000	0.000000	0.000000	0.000000	0.000000
dme-miR-280-5p_MIMAT0000343	0.000000	0.000000	0.000000	0.000000	0.000000	0.000000
dme-bantam-5p_MIMAT0020823	2920.676686	2466.617936	2403.998592	2643.957764	2653.095578	2615.216745
dme-miR-960-5p_MIMAT0005474	0.221063	0.403731	0.517343	0.416528	0.525594	0.345798
rr325173-1a-3p-miR	0.465279	0.601666	0.548364	0.396648	0.506347	0.385613
dme-miR-4952-5p_MIMAT0020166	14.568050	15.305069	15.214576	15.828077	17.640256	16.617513
dme-miR-983-5p_MIMAT0005499_1	0.972677	1.174490	0.658436	0.927722	0.886940	1.133449
dme-miR-5-3p_MIMAT0020786	0.000000	0.220217	0.094062	0.037866	0.065699	0.153688
dme-miR-278-5p_MIMAT0020805	877.487382	901.714443	869.323701	899.625464	934.342268	859.115796
dme-miR-12-3p_MIMAT0020794	2.696968	1.835140	1.740152	1.363184	1.905279	1.652146
dme-miR-193-5p_MIMAT0020849	1059.201149	998.004245	1021.775161	1023.031449	984.054721	969.521397
rr347030-1b-3p-miR	0.000000	0.000000	0.000000	0.037866	0.000000	0.000000
dme-miR-4947-5p_MIMAT0020157	0.044213	0.000000	0.047031	0.037866	0.000000	0.038422
dme-miR-4915-5p_MIMAT0020508	0.000000	0.000000	0.047031	0.000000	0.000000	0.000000
dme-miR-2494-5p_MIMAT0012202	0.000000	0.000000	0.000000	0.000000	0.000000	0.000000
rr190705-1a-5p-miR	0.000000	0.036703	0.000000	0.000000	0.000000	0.000000
dme-miR-4968-5p_MIMAT0020194	0.707402	1.033796	1.034685	0.908789	0.755542	0.768440
dme-miR-3642-3p_MIMAT0018058	0.751614	0.330325	0.470311	0.567993	0.558444	0.384220
rr435322-1a-5p-miR	0.486339	0.293622	0.141093	0.265063	0.262797	0.268954
dme-miR-92a-5p_MIMAT0020802	0.088425	0.403731	0.376249	0.113599	0.065699	0.614752
dme-miR-956-5p_MIMAT0020850	0.000000	0.440434	1.457966	0.075732	0.000000	0.076844
dme-miR-9374-3p_MIMAT0035212	0.000000	0.000000	0.047031	0.037866	0.032850	0.115266
dme-miR-1002-5p_MIMAT0005483	0.486339	0.256920	0.329218	0.378662	0.262797	0.461064
dme-miR-4962-3p_MIMAT0020184	0.884252	1.431409	1.316872	0.908789	1.346835	1.536880
dme-miR-4956-5p_MIMAT0020173	1.856929	2.495791	2.727806	2.802100	2.956467	2.228476
dme-miR-1004-5p_MIMAT0032027	84.888183	79.314755	86.114028	83.457131	94.245613	81.454628
rr201237-3a-3p-miR	0.000000	0.110108	0.000000	0.113599	0.032850	0.115266
dme-miR-282-5p_MIMAT0000346	44.256808	52.374899	55.120503	58.288722	50.791016	55.788736
dme-miR-3642-5p_MIMAT0018057	0.044213	0.000000	0.000000	0.000000	0.000000	0.000000
rr186599-1a-5p-miR	0.000000	0.000000	0.000000	0.037866	0.032850	0.000000
rr901626-1a-3p-miR	0.294751	0.177397	0.340976	0.249286	0.194360	0.336192
rr767199-3a-5p-miR	7.970303	8.291644	8.336961	7.381340	8.857384	9.007838
dme-miR-33-5p_MIMAT0000342	20972.112012	21754.007759	20508.323108	18971.679041	19315.532685	20549.952495
rr817650-3a-3p-miR	1.765346	2.153231	2.368354	2.132228	3.016692	2.749002
rr363371-1a-3p-miR	0.000000	0.000000	0.000000	0.000000	0.000000	0.076844
dme-miR-3641-5p_MIMAT0018055	0.000000	0.000000	0.000000	0.000000	0.000000	0.000000
dme-miR-4983-5p_MIMAT0020217	0.000000	0.110108	0.094062	0.000000	0.000000	0.038422
dme-miR-957-5p_MIMAT0020851	1.635866	1.137787	0.592592	1.794858	1.806730	1.037394
dme-miR-4966-3p_MIMAT0020191	0.066319	0.091757	0.070547	0.056799	0.065699	0.211321
rr413031-1a-3p-miR	0.530551	0.403731	0.470311	0.530127	0.624143	0.384220
dme-miR-9375-5p_MIMAT0035213	0.618976	0.220217	0.611405	0.340796	0.295647	0.307376
dme-miR-4919-3p_MIMAT0032117	50.313934	45.731691	53.239257	50.627125	47.106382	45.568485
rr190705-1a-3p-miR	0.088425	0.110108	0.141093	0.113599	0.295647	0.153688
rr439710-1a-3p-miR	0.265276	0.110108	0.141093	0.227197	0.427045	0.076844
rr593300-1b-3p-miR	0.000000	0.073406	0.000000	0.000000	0.065699	0.000000
dme-miR-124-3p_MIMAT0000351	303.961594	408.465485	332.180984	400.283727	327.888667	376.401069
rr936447-1a-3p-miR	0.176850	0.220217	0.141093	0.113599	0.000000	0.115266
dme-miR-966-5p_MIMAT0005481	9.634756	13.457224	11.249790	17.167472	12.188479	18.805268
dme-miR-286-5p_MIMAT0020820	0.000000	2.385682	0.188125	0.075732	0.032850	0.038422
rr940258-1a-5p-miR	0.331594	0.000000	0.117578	0.246130	0.147823	0.019211
rr782755-1a-5p-miR	0.265276	0.183514	0.000000	0.113599	0.361346	0.115266
dme-miR-1015-3p_MIMAT0005028	0.221063	0.770759	0.940623	0.113599	0.065699	0.038422
dme-miR-289-5p_MIMAT0000364	0.000000	0.000000	0.000000	0.000000	0.000000	0.000000
dme-miR-10404-3p_MIMAT0041638	0.033755	0.064995	0.032500	0.038580	0.042804	0.050263
dme-miR-305-3p_MIMAT0020827	4455.656944	4520.335465	4957.694186	4510.244510	4594.432564	4398.338602
dme-miR-309-5p_MIMAT0020835	0.044213	2.826116	0.094062	0.000000	0.032850	0.230532
rr111469-1a-3p-miR	0.618976	0.367028	0.799529	0.795190	0.985489	0.461064
dme-miR-2a-2-5p_MIMAT0020781	203.886384	244.550771	199.976432	210.649737	203.076465	238.370053
dme-miR-9376-3p_MIMAT0035216	0.000000	0.036703	0.000000	0.037866	0.000000	0.076844
dme-miR-2497-3p_MIMAT0012209	0.221063	0.220217	0.047031	0.189331	0.131399	0.115266
dme-miR-4965-3p_MIMAT0020189	0.000000	0.000000	0.000000	0.000000	0.000000	0.000000
dme-miR-4941-5p_MIMAT0020148	0.000000	0.000000	0.000000	0.075732	0.065699	0.076844
dme-miR-306-3p_MIMAT0000394	12.379527	15.084852	13.874188	14.843555	13.435502	12.448726
rr1192978-1a-3p-miR	0.000000	0.000000	0.000000	0.000000	0.000000	0.000000
rr446445-3a-5p-miR	0.000000	0.001468	0.049971	0.002777	0.000000	0.000000
dme-miR-970-5p_MIMAT0020867	2.962244	2.165465	1.599059	2.347705	1.609632	2.074788
dme-miR-317-5p_MIMAT0020843	392.077296	414.888476	382.621888	401.457579	361.970167	351.522827
dme-miR-963-3p_MIMAT0020858	0.132638	0.110108	0.141093	0.113599	0.131399	0.384220
dme-miR-990-5p_MIMAT0005508	309.333424	360.861951	351.040473	363.099107	370.888843	390.732472
rr602190-1a-3p-miR	0.222985	0.240164	0.219479	0.167380	0.226037	0.160092
dme-miR-316-3p_MIMAT0020842	0.442126	0.073406	0.047031	0.151465	0.032850	0.230532
rr105567-1a-5p-miR	0.840039	0.697353	0.423280	0.795190	0.656993	0.653174
dme-miR-2499-3p_MIMAT0012213	0.265276	0.293622	0.564374	0.189331	0.197098	0.153688
dme-miR-9378-5p_MIMAT0035219	8.842519	6.276179	6.490298	6.058594	5.715837	7.761243
dme-miR-286-3p_MIMAT0000359	26.571770	216.913561	30.805401	29.119117	33.999376	37.154069
dme-miR-31a-3p_MIMAT0020834	1.724291	2.422385	1.222810	2.120508	1.839580	2.459008
dme-miR-100-5p_MIMAT0000357	276.638210	288.520728	252.133973	269.796760	272.323503	251.471954
dme-miR-281-1-5p_MIMAT0000344	2157.618870	2177.503846	3003.667650	2234.087574	2585.989241	2414.073121
dme-miR-9375-3p_MIMAT0035214	0.132638	0.110108	0.094062	0.113599	0.098549	0.153688
dme-miR-991-5p_MIMAT0020890	0.000000	0.000000	0.000000	0.000000	0.000000	0.000000
dme-miR-9385-3p_MIMAT0035234	0.000000	0.000000	0.000000	0.000000	0.032850	0.038422
dme-miR-4950-3p_MIMAT0020163	0.353701	0.146811	0.423280	0.302930	0.295647	0.307376
dme-miR-996-5p_MIMAT0020895	104.430150	111.906844	113.815373	99.020144	102.523722	102.279349
dme-miR-989-5p_MIMAT0020887	0.000000	0.036703	0.094062	0.000000	0.000000	0.000000
dme-miR-978-3p_MIMAT0005494	0.176850	0.440434	0.282187	0.567993	0.328496	0.345798
dme-miR-313-3p_MIMAT0000405	0.397913	1.981951	2.210464	0.416528	0.361346	0.230532
rr594676-1b-5p-miR	0.309488	0.256920	0.188125	0.340796	0.295647	0.345798
dme-miR-312-3p_MIMAT0000404	20.691495	121.706492	153.133411	17.266993	21.188017	20.152336
dme-miR-1010-5p_MIMAT0020905	20.735707	17.287020	21.587296	16.888331	18.280824	17.482007
rr279401-1a-5p-miR	0.000000	0.183514	0.047031	0.037866	0.000000	0.115266
dme-miR-1006-3p_MIMAT0005019	36.556448	45.893796	39.451293	45.613008	42.723692	44.050817
dme-miR-1003-5p_MIMAT0020902	0.840039	1.284598	1.081716	1.173853	1.051188	0.614752
dme-miR-11-3p_MIMAT0000116	30342.964249	25218.403606	28276.096909	28552.562753	29448.003678	28056.835365
rr791328-2a-3p-miR	0.000000	0.073406	0.000000	0.000000	0.000000	0.038422
dme-miR-79-5p_MIMAT0020814	1.459016	1.486463	1.199294	1.552515	1.543933	1.229504
dme-miR-999-5p_MIMAT0020899	0.884252	1.174490	0.799529	0.870923	0.394196	0.960550
dme-miR-2490-5p_MIMAT0012197	0.000000	0.007341	0.000000	0.021638	0.000000	0.000000
dme-miR-316-5p_MIMAT0000408	440.114281	421.917062	422.222113	432.413208	480.820159	444.926696
dme-miR-9372-3p_MIMAT0035208	0.176850	0.110108	0.047031	0.302930	0.394196	0.192110
dme-miR-2492-5p_MIMAT0020913	0.000000	0.000000	0.000000	0.000000	0.000000	0.076844
dme-miR-2c-5p_MIMAT0020845	146.653179	134.167093	140.811251	115.813809	138.067031	125.735977
dme-miR-275-3p_MIMAT0000333	190.246798	323.810472	271.745961	286.779756	281.817049	325.146128
dme-miR-976-5p_MIMAT0020873	0.000000	0.000000	0.000000	0.000000	0.000000	0.000000
dme-miR-375-3p_MIMAT0005472	219.088148	270.328372	325.636861	264.924641	226.668711	257.203234
rr111468-1d-3p-miR	0.132638	0.403731	0.047031	0.151465	0.131399	0.499486
dme-miR-210-5p_MIMAT0020816	11.185787	17.127974	16.276696	15.768122	16.597529	17.129806
dme-miR-9b-5p_MIMAT0000395	522.504453	605.614587	473.650671	600.368791	480.327414	561.057174
dme-miR-4955-3p_MIMAT0020172	0.000000	0.000000	0.047031	0.018933	0.032850	0.000000
dme-miR-9383-3p_MIMAT0035230	9.682558	11.157652	9.241620	11.776392	11.431674	9.278912
dme-miR-4916-3p_MIMAT0020509	1.282165	2.092060	1.316872	1.893311	2.102377	1.613724
dme-miR-92b-5p_MIMAT0020819	0.000000	0.000000	0.000000	0.000000	0.000000	0.000000
dme-miR-4971-5p_MIMAT0020198	0.442126	0.330325	0.752498	0.454395	0.459895	0.461064
rr68215-1a-5p-miR	0.132638	0.000000	0.047031	0.037866	0.098549	0.153688
dme-miR-10-5p_MIMAT0000115	3961.028532	4180.871248	4118.258778	4847.556726	4222.700580	4244.490533
rr126254-1a-5p-miR	0.000000	0.036703	0.047031	0.037866	0.000000	0.076844
rr413031-1a-5p-miR	0.000000	0.000000	0.000000	0.000000	0.032850	0.000000
dme-miR-10404-5p_MIMAT0041637_8	5.634917	6.503997	5.563854	5.690678	5.456969	6.627860
rr272671-1a-5p-miR	0.000000	0.000000	0.000000	0.000000	0.000000	0.000000
dme-miR-4909-3p_MIMAT0020515	0.132638	0.183514	0.282187	0.265063	0.098549	0.268954
dme-miR-263a-5p_MIMAT0000319	17636.252738	19885.763034	19470.443139	21414.930554	23748.739614	21698.235880
dme-miR-9383-5p_MIMAT0035229	0.044213	0.000000	0.000000	0.037866	0.000000	0.000000
dme-miR-9379-5p_MIMAT0035221	0.000000	0.000000	0.000000	0.000000	0.000000	0.000000
dme-miR-4964-3p_MIMAT0020187	0.132638	0.073406	0.094062	0.530127	0.098549	0.038422
dme-miR-4948-5p_MIMAT0020158	0.000000	0.000000	0.000000	0.000000	0.000000	0.000000
dme-miR-971-3p_MIMAT0005487	33.203659	37.657075	33.909456	34.761183	37.941332	37.691977
dme-miR-4969-3p_MIMAT0020196	0.000000	0.036703	0.000000	0.000000	0.032850	0.000000
dme-miR-283-3p_MIMAT0020810	1.149527	0.917570	1.740152	1.211719	1.133313	1.517669
dme-miR-3645-5p_MIMAT0018063	0.530551	0.513839	0.564374	0.302930	0.427045	0.537908
dme-miR-311-3p_MIMAT0000403	6.410826	51.457329	45.784821	3.900220	3.547761	4.725905
dme-miR-1017-3p_MIMAT0005030	18.082952	19.929622	16.743088	20.674952	19.052790	17.020944
rr753053-1b-5p-miR	0.176850	0.073406	0.094062	0.000000	0.229947	0.115266
rr884543-1b-5p-miR	124.399436	122.962786	134.915272	122.700699	159.128480	116.028963
rr940206-1a-3p-miR	0.000000	0.000000	0.000000	0.000000	0.000000	0.000000
dme-miR-4969-5p_MIMAT0020195	6.764527	7.744291	4.609052	7.118848	6.537078	6.032253
dme-miR-954-3p_MIMAT0020846	1.193740	1.101084	1.128748	0.984522	0.821241	1.075816
dme-miR-9377-5p_MIMAT0035217	0.000000	0.036703	0.094062	0.151465	0.065699	0.115266
dme-miR-274-5p_MIMAT0000332	9323.839510	11651.965196	9475.835281	10173.363709	9945.030956	10833.561606
rr817690-5b-5p-miR	124.456912	123.045979	134.958384	122.784005	159.248381	116.121176
dme-miR-992-5p_MIMAT0020891	0.000000	0.000000	0.000000	0.000000	0.000000	0.000000
dme-miR-962-5p_MIMAT0005476	0.397913	0.403731	0.705467	0.189331	0.197098	0.345798
dme-miR-4959-5p_MIMAT0020179	0.000000	0.000000	0.000000	0.000000	0.000000	0.000000
rr482594-1a-3p-miR	0.044213	0.073406	0.006719	0.113599	0.032850	0.000000
dme-miR-4949-3p_MIMAT0020161	0.044213	0.055054	0.000000	0.000000	0.032850	0.044826
rr794157-1a-3p-miR	8.693547	8.377531	9.713537	7.450898	9.361261	8.603981
dme-miR-9371-5p_MIMAT0035205	0.044213	0.036703	0.000000	0.075732	0.000000	0.038422
dme-miR-8-3p_MIMAT0000113	185465.228117	176644.402368	185354.041611	170479.669220	175974.456746	183522.291420
dme-miR-306-5p_MIMAT0000393	1079.981069	1004.702506	999.129664	935.598366	979.953991	927.218781
dme-miR-318-3p_MIMAT0000410	13.842227	470.126193	773.203797	16.698999	18.187750	18.384924
rr426499-1a-3p-miR	0.574764	1.125553	0.897511	1.151764	0.990964	1.568898
dme-miR-190-3p_MIMAT0020848	1.282165	2.055357	1.599059	1.779712	1.741031	1.921100
dme-miR-9388-5p_MIMAT0035238	0.000000	0.000000	0.000000	0.000000	0.000000	0.000000
dme-miR-4939-3p_MIMAT0020145	0.000000	0.000000	0.000000	0.000000	0.000000	0.000000
dme-miR-314-5p_MIMAT0020840	0.000000	0.183514	2.163433	0.000000	0.032850	0.038422
dme-miR-9377-3p_MIMAT0035218	0.000000	0.012234	0.000000	0.000000	0.000000	0.000000
dme-miR-958-3p_MIMAT0005471	0.000000	4.514445	7.971779	0.000000	0.065699	0.115266
dme-miR-968-3p_MIMAT0020865	0.000000	0.000000	0.000000	0.000000	0.000000	0.000000
dme-miR-1-3p_MIMAT0000105	361.548499	513.545608	368.959340	473.614013	404.773246	506.075300
rr498327-1a-3p-miR	0.176850	0.036703	0.094062	0.151465	0.229947	0.230532
dme-miR-932-3p_MIMAT0020860	62.605035	83.388767	78.824201	88.720535	94.081365	91.790145
rr72502-1d-3p-miR	7.648779	5.982557	7.383890	5.793530	6.241431	6.531739
dme-miR-4961-5p_MIMAT0020181	0.729508	0.796247	0.611405	1.022388	0.821241	0.785089
dme-miR-2c-3p_MIMAT0000411	241.837002	243.238034	242.820239	241.442541	237.155775	235.542195
rr261408-1b-3p-miR	0.000000	0.110108	0.094062	0.000000	0.065699	0.307376
dme-miR-927-5p_MIMAT0005501	4357.460769	4503.587977	4067.018344	4934.365017	4313.131254	4298.554762
dme-miR-997-3p_MIMAT0020897	0.000000	0.000000	0.000000	0.000000	0.000000	0.000000
rr474735-1a-5p-miR	0.066319	0.275271	0.094062	0.189331	0.213523	0.211321
rr791723-1a-3p-miR	0.530551	0.256920	0.235156	0.151465	0.197098	0.268954
rr534498-1a-5p-miR	0.174640	0.155069	0.126984	0.109812	0.153572	0.146964
dme-miR-87-3p_MIMAT0000361	14.943857	17.030100	14.085828	16.244605	19.118490	18.346502
rr315285-1a-5p-miR	0.000000	0.036703	0.094062	0.075732	0.000000	0.000000
dme-miR-4944-5p_MIMAT0020153	0.000000	0.000000	0.000000	0.000000	0.000000	0.000000
dme-miR-287-3p_MIMAT0000360	0.000000	0.000000	0.000000	0.000000	0.000000	0.000000
dme-miR-4986-3p_MIMAT0020224	7.074015	4.367633	5.784831	5.831397	6.274281	4.802749
rr309853-1a-3p-miR	0.066319	0.183514	0.094062	0.037866	0.098549	0.153688
dme-miR-92b-3p_MIMAT0000358	186.157133	283.620904	302.151597	229.620709	237.355063	228.745344
dme-miR-2281-3p_MIMAT0011789	0.000000	0.000000	0.000000	0.000000	0.000000	0.038422
dme-miR-4976-3p_MIMAT0020207	0.000000	0.000000	0.000000	0.037866	0.000000	0.000000
dme-miR-4967-3p_MIMAT0020193	0.088425	0.146811	0.000000	0.075732	0.065699	0.038422
rr603574-1d-3p-miR	0.397913	0.550542	0.470311	0.378662	0.361346	0.614752
dme-miR-9372-5p_MIMAT0035207	0.132638	0.110108	0.094062	0.189331	0.164248	0.076844
dme-miR-965-5p_MIMAT0020861	17.441869	15.488583	20.787766	16.055274	18.346523	18.442557
dme-miR-979-5p_MIMAT0020876	0.044213	0.000000	0.000000	0.000000	0.000000	0.076844
dme-miR-2a-3p_MIMAT0000106_1	1335.800304	1562.966808	1533.981965	1627.077681	1569.493313	1532.883250
dme-miR-977-3p_MIMAT0005493	0.000000	0.073406	0.047031	0.037866	0.032850	0.000000
dme-miR-4975-5p_MIMAT0020205	2.210630	2.092060	2.304526	2.972498	2.562272	2.727962
dme-miR-284-5p_MIMAT0020811	6740.873365	6836.135470	7480.186182	7183.504410	6821.391681	6374.689152
dme-miR-276b-3p_MIMAT0000354	61793.557176	63212.807959	58474.928964	61336.012037	58882.298107	58218.555658
rr817655-5b-5p-miR	124.456912	123.045979	134.958384	122.784005	159.248381	116.121176
dme-miR-981-5p_MIMAT0020878	238.969078	242.899145	265.961130	275.438826	269.991179	273.295646
dme-miR-9c-5p_MIMAT0000392	2624.702835	2506.269197	2500.614675	2266.873403	2270.928359	2319.529401
rr922319-1a-5p-miR	0.000000	0.073406	0.000000	0.075732	0.065699	0.115266
dme-miR-1013-3p_MIMAT0005026	60.976538	69.992244	58.702709	64.012831	60.870380	66.406014
dme-miR-4961-3p_MIMAT0020182	0.442126	1.101084	0.893592	0.605859	0.755542	0.960550
rr55592-1b-5p-miR	0.132638	0.036703	0.517343	0.075732	0.032850	0.268954
dme-miR-961-3p_MIMAT0020856	0.044213	0.000000	0.000000	0.075732	0.032850	0.038422
dme-miR-4972-3p_MIMAT0020200	0.486339	0.293622	0.470311	0.265063	0.722692	0.422642
dme-miR-4981-3p_MIMAT0020214	34.264761	28.224455	32.216335	26.582081	30.123118	29.815468
dme-miR-4951-3p_MIMAT0020165	0.221063	0.073406	0.188125	0.340796	0.361346	0.115266
dme-miR-964-3p_MIMAT0020859	0.176850	0.036703	0.000000	0.037866	0.032850	0.153688
rr795601-1a-5p-miR	0.088425	0.036703	0.094062	0.000000	0.114974	0.057633
dme-miR-9384-3p_MIMAT0035232	0.000000	0.000000	0.000000	0.000000	0.000000	0.000000
dme-miR-9378-3p_MIMAT0035220	0.000000	0.000000	0.000000	0.000000	0.000000	0.000000
rr249955-1a-5p-miR	0.000000	0.036703	0.094062	0.075732	0.000000	0.000000
dme-miR-10404-3p_MIMAT0041638_1	0.033755	0.064995	0.032500	0.038580	0.042804	0.050263
dme-miR-984-3p_MIMAT0020881	0.088425	0.311974	0.235156	0.151465	0.197098	0.153688
rr635885-1a-5p-miR	0.000000	0.036703	0.047031	0.037866	0.065699	0.000000
rr363371-1a-5p-miR	0.044213	0.110108	0.188125	0.189331	0.131399	0.038422
dme-miR-2496-3p_MIMAT0012207	0.000000	0.036703	0.047031	0.000000	0.032850	0.000000
dme-miR-4945-5p_MIMAT0020155	0.000000	0.036703	0.000000	0.000000	0.032850	0.048027
dme-miR-4919-5p_MIMAT0020513	0.221063	0.036703	0.094062	0.000000	0.000000	0.038422
dme-miR-4914-5p_MIMAT0020507	0.000000	0.073406	0.000000	0.000000	0.000000	0.038422
dme-miR-986-5p_MIMAT0005503	1205.986966	978.313192	1044.091440	971.419802	990.482300	1026.750957
dme-miR-312-5p_MIMAT0020838	0.088425	0.220217	0.235156	0.075732	0.197098	0.153688
dme-miR-999-3p_MIMAT0005519	42031.035456	44084.139404	32897.510562	39740.097218	37467.804921	41300.378150
rr306431-1a-3p-miR	1.503228	1.321301	1.552028	0.757324	1.609632	1.152660
rr817694-3b-3p-miR	1.833138	2.204615	2.404411	2.162521	3.172180	2.810477
dme-miR-4912-5p_MIMAT0020505	0.088425	0.073406	0.282187	0.075732	0.098549	0.038422
dme-miR-4950-5p_MIMAT0020162	0.000000	0.000000	0.000000	0.000000	0.000000	0.000000
rr243871-1a-3p-miR	0.000000	0.000000	0.000000	0.000000	0.000000	0.000000
dme-miR-3-5p_MIMAT0020784	0.000000	0.000000	0.000000	0.000000	0.000000	0.000000
dme-miR-4918-5p_MIMAT0020512	0.000000	0.000000	0.000000	0.000000	0.000000	0.000000
rr776664-1a-3p-miR	0.442126	0.073406	0.141093	0.265063	0.098549	0.076844
rr139215-1a-3p-miR	0.221063	0.036703	0.094062	0.113599	0.098549	0.076844
dme-miR-252-5p_MIMAT0005516	1715.935042	1856.244219	1849.593876	1784.937501	1782.733456	1709.548220
dme-miR-4958-5p_MIMAT0020177	0.309488	0.205536	0.094062	0.113599	0.131399	0.000000
dme-miR-4951-5p_MIMAT0020164	35.723777	36.225666	37.624917	38.093409	41.850439	39.382544
dme-miR-976-3p_MIMAT0005492	0.795827	1.247895	0.611405	1.401050	1.116888	1.114238
rr514885-1a-5p-miR	0.000000	0.000000	0.000000	0.000000	0.000000	0.000000
rr817694-3b-5p-miR	124.456912	123.045979	134.958384	122.733516	159.248381	116.044332
dme-miR-4966-5p_MIMAT0020190	0.022106	0.018351	0.023516	0.018933	0.016425	0.096055
rr86559-1a-3p-miR	0.000000	0.000000	0.000000	0.000000	0.000000	0.000000
dme-miR-279-5p_MIMAT0020807	0.397913	0.513839	0.211640	0.227197	0.295647	0.134477
dme-miR-307b-5p_MIMAT0012194	0.000000	0.000000	0.000000	0.000000	0.000000	0.000000
dme-miR-4908-3p_MIMAT0020514	0.000000	0.000000	0.047031	0.000000	0.000000	0.038422
dme-miR-281-2-5p_MIMAT0000349	2080.423679	2156.399735	2971.263191	2206.748169	2558.001349	2389.060403
rr529174-1a-5p-miR	2.995403	2.920931	3.985890	3.306983	3.961119	3.147402
dme-miR-991-3p_MIMAT0005509	0.760457	1.137787	1.175779	1.022388	1.313986	0.730018
dme-miR-284-3p_MIMAT0000348	19.630392	20.957300	23.327448	23.249854	22.403453	19.979437
rr1122500-1a-5p-miR	0.132638	0.110108	0.047031	0.075732	0.065699	0.000000
dme-miR-1016-5p_MIMAT0020908	1.105315	0.917570	0.940623	0.870923	1.642482	1.344770
dme-miR-1008-5p_MIMAT0032028	26.063325	30.885408	24.315102	27.945264	25.721267	31.064183
dme-miR-4973-3p_MIMAT0020202	0.000000	0.000000	0.000000	0.000000	0.000000	0.000000
dme-miR-1012-5p_MIMAT0020906	250.420141	192.389972	197.907062	204.155682	183.415957	197.758005
dme-miR-990-3p_MIMAT0020889	0.044213	0.073406	0.000000	0.113599	0.032850	0.000000
dme-miR-993-3p_MIMAT0005512	975.108793	990.828847	1156.919159	1072.484722	1121.519508	1046.615128
dme-miR-311-5p_MIMAT0020837	0.221063	0.807462	0.846561	0.075732	0.098549	0.115266
dme-miR-11-5p_MIMAT0020793	2101.314130	1810.769447	1804.396945	1947.213152	1959.398812	1857.568954
dme-miR-iab-4-3p_MIMAT0000413	0.000000	0.000000	0.000000	0.000000	0.000000	0.000000
dme-miR-4978-5p_MIMAT0020210	0.132638	0.000000	0.094062	0.000000	0.164248	0.076844
dme-miR-972-5p_MIMAT0020869	0.000000	0.000000	0.000000	0.000000	0.000000	0.000000
rr105567-1a-3p-miR	0.088425	0.220217	0.141093	0.151465	0.328496	0.153688
rr201237-3a-5p-miR	0.000000	0.000000	0.047031	0.000000	0.000000	0.000000
rr901626-1a-5p-miR	0.000000	0.073406	0.035273	0.018933	0.000000	0.048027
dme-miR-2495-5p_MIMAT0012204	0.176850	0.403731	0.141093	0.113599	0.197098	0.115266
dme-miR-4984-3p_MIMAT0020220	0.132638	0.513839	0.470311	0.530127	0.229947	0.345798
rr325173-1a-5p-miR	0.000000	0.000000	0.000000	0.000000	0.000000	0.000000
dme-miR-6-1-5p_MIMAT0020787	0.000000	3.963903	0.000000	0.000000	0.032850	0.076844
rr594676-1b-3p-miR	0.000000	0.073406	0.329218	0.151465	0.032850	0.268954
rr269542-1a-3p-miR	0.725087	1.015444	1.019456	0.918226	0.700792	0.904198
dme-miR-304-5p_MIMAT0000390	20.868345	33.647294	27.313338	26.739857	26.093563	30.507064
rr446445-3a-3p-miR	0.248417	0.274315	0.302186	0.312577	0.275050	0.335003
dme-miR-967-3p_MIMAT0020863	0.353701	0.256920	0.564374	0.265063	0.229947	0.691596
dme-miR-974-5p_MIMAT0005490	0.309488	0.330325	0.752498	0.208264	0.262797	0.345798
dme-miR-133-5p_MIMAT0020806	52.745626	50.429650	51.546136	52.709767	55.877235	53.713948
dme-miR-4943-5p_MIMAT0020151	0.044213	0.110108	0.094062	0.037866	0.131399	0.000000
rr900379-1a-5p-miR	0.503181	0.595110	0.377649	0.476032	0.521879	0.535621
dme-miR-4955-5p_MIMAT0020171	0.000000	0.036703	0.000000	0.037866	0.032850	0.076844
dme-miR-304-3p_MIMAT0020826	7.250866	6.643207	6.631392	4.960474	7.883913	6.800693
dme-miR-4970-5p_MIMAT0020197	0.000000	0.000000	0.000000	0.000000	0.000000	0.000000
dme-miR-1009-3p_MIMAT0005022	16.911318	22.994306	15.426216	21.053614	19.759058	18.192814
dme-miR-9376-5p_MIMAT0035215	0.000000	0.000000	0.000000	0.000000	0.000000	0.000000
dme-miR-4962-5p_MIMAT0020183	0.044213	0.073406	0.094062	0.227197	0.032850	0.057633
dme-miR-281-3p_MIMAT0000345	93.929659	108.153982	105.420314	110.342142	99.534405	102.330579
dme-miR-960-3p_MIMAT0020855	0.265276	0.036703	0.329218	0.075732	0.065699	0.115266
dme-miR-308-3p_MIMAT0000399	60.261768	89.903514	77.836547	68.575710	75.044999	85.815525
dme-miR-961-5p_MIMAT0005475	0.442126	0.513839	0.282187	0.189331	0.427045	0.230532
dme-miR-307b-3p_MIMAT0012195	0.000000	0.073406	0.000000	0.037866	0.000000	0.000000
dme-miR-219-3p_MIMAT0020803	6.012913	4.918175	5.596706	6.475122	6.602777	6.608583
dme-miR-13a-5p_MIMAT0020795	1.237953	1.431409	0.846561	0.984522	1.182587	0.730018
dme-miR-9b-3p_MIMAT0020829	34.972163	52.026222	55.590814	46.726906	46.219441	51.274152
dme-miR-10404-5p_MIMAT0041637	5.634917	6.503997	5.563854	5.690678	5.456969	6.627860
dme-miR-929-5p_MIMAT0020892	350.826945	450.490194	359.976391	390.249181	388.512674	451.881077
dme-miR-283-5p_MIMAT0000347	480.723550	504.902098	537.848185	518.199111	467.450356	513.010470
dme-miR-984-5p_MIMAT0005500	0.176850	0.256920	0.235156	0.492261	0.262797	0.268954
dme-miR-9388-3p_MIMAT0035239	0.017685	0.040373	0.009406	0.034080	0.013140	0.030738
rr1098852-1a-5p-miR	0.000000	0.073406	0.000000	0.075732	0.164248	0.038422
rr626972-1a-3p-miR	1.634861	1.136230	1.385043	1.281127	1.561478	1.426155
dme-miR-4910-5p_MIMAT0020503	0.000000	0.036703	0.000000	0.000000	0.032850	0.115266
dme-miR-9382-5p_MIMAT0035227	0.044213	0.146811	0.000000	0.227197	0.262797	0.307376
dme-miR-978-5p_MIMAT0020875	0.000000	0.000000	0.000000	0.000000	0.000000	0.000000
rr627154-1a-5p-miR	0.044213	0.036703	0.047031	0.000000	0.000000	0.038422
dme-miR-974-3p_MIMAT0020871	0.000000	0.036703	0.000000	0.000000	0.000000	0.000000
dme-miR-9381-3p_MIMAT0035226	0.972677	1.101084	0.517343	0.795190	1.708181	1.114238
rr505492-1a-3p-miR	1.149527	1.137787	0.893592	1.173853	1.248286	1.075816
dme-miR-4940-5p_MIMAT0020146	13.926968	12.589061	9.312167	10.791870	11.891569	10.373938
dme-miR-4949-5p_MIMAT0020160	0.176850	0.088698	0.188125	0.141998	0.301122	0.112064
dme-miR-1012-3p_MIMAT0005025	111.106252	107.759427	108.054058	129.805375	133.139585	114.708864
dme-miR-1000-3p_MIMAT0020900	15.120708	14.644418	14.156375	15.676612	15.110834	14.907734
rr196830-1a-5p-miR	3.271732	3.413361	3.009993	2.953565	3.597035	2.727962
dme-miR-4954-5p_MIMAT0020169	0.000000	0.000000	0.000000	0.000000	0.000000	0.000000
dme-miR-2501-3p_MIMAT0012217	0.000000	0.000000	0.047031	0.113599	0.000000	0.000000
dme-miR-983-5p_MIMAT0005499	0.972677	1.174490	0.658436	0.927722	0.886940	1.133449
dme-miR-263b-5p_MIMAT0000362	70.393821	75.118402	78.204957	75.486294	96.495813	123.930143
dme-miR-2280-5p_MIMAT0011786	0.000000	0.000000	0.000000	0.000000	0.000000	0.076844
dme-miR-3643-3p_MIMAT0018060	0.000000	0.000000	0.000000	0.000000	0.000000	0.000000
dme-miR-982-3p_MIMAT0020879	0.132638	0.146811	0.047031	0.113599	0.131399	0.192110
rr901627-1a-5p-miR	0.000000	0.073406	0.035273	0.018933	0.000000	0.048027
rr780129-1a-3p-miR	0.176850	0.183514	0.282187	0.227197	0.065699	0.115266
dme-miR-989-3p_MIMAT0005506	0.132638	23.728362	33.133442	0.227197	0.262797	0.345798
dme-miR-4957-5p_MIMAT0020175	0.000000	0.220217	0.423280	0.189331	0.229947	0.384220
dme-miR-4987-5p_MIMAT0020225	0.000000	0.146811	0.000000	0.075732	0.000000	0.038422
rr525331-1a-5p-miR	0.000000	0.000000	0.000000	0.000000	0.032850	0.000000
rr272671-1a-3p-miR	0.176850	0.183514	0.188125	0.227197	0.295647	0.192110
rr676198-1a-3p-miR	0.000000	0.000000	0.000000	0.000000	0.000000	0.000000
dme-miR-4-3p_MIMAT0000109	0.840039	1.431409	0.235156	0.227197	0.361346	0.268954
dme-miR-9381-5p_MIMAT0035225	0.044213	0.146811	0.282187	0.151465	0.131399	0.268954
dme-miR-iab-4-5p_MIMAT0000412	0.884252	1.358004	1.646090	0.416528	0.886940	0.960550
rr817650-3a-5p-miR	124.456912	123.058213	134.927030	122.789053	159.182682	116.082754
dme-miR-278-3p_MIMAT0000339	4690.160550	5320.328093	4790.616040	5234.132884	4893.922718	5148.624099
rr505492-1a-5p-miR	0.000000	0.000000	0.000000	0.000000	0.065699	0.038422
rr117045-1a-5p-miR	0.442126	0.073406	0.188125	0.227197	0.065699	0.038422
rr23497-1a-5p-miR	0.406756	0.449609	0.188125	0.551584	0.500957	0.422642
dme-miR-4985-5p_MIMAT0020221	1.680079	1.725032	1.222810	1.438916	1.642482	1.383192
dme-miR-4917-3p_MIMAT0020511	0.000000	0.000000	0.000000	0.000000	0.000000	0.000000
rr72502-1d-5p-miR	0.000000	0.000000	0.000000	0.000000	0.000000	0.000000
rr940206-1a-5p-miR	0.176850	0.440434	0.329218	0.113599	0.032850	0.115266
rr86559-1a-5p-miR	0.221063	0.110108	0.047031	0.113599	0.131399	0.000000
dme-miR-958-5p_MIMAT0020852	0.000000	3.596875	9.406229	0.075732	0.098549	0.076844
rr109208-1a-3p-miR	0.044213	0.073406	0.000000	0.037866	0.000000	0.076844
dme-let-7-3p_MIMAT0020830	9.284645	9.285809	8.653731	12.514783	10.544734	10.373938
dme-miR-2b-2-5p_MIMAT0020783	187.004541	217.221602	174.360135	187.767276	171.838414	190.562572
dme-miR-7-3p_MIMAT0020790	11.583700	11.084246	9.124042	12.306519	12.154366	11.257644
dme-miR-276a-5p_MIMAT0000336	72.044424	84.911933	87.995274	80.484634	86.181027	89.772990
dme-miR-4967-5p_MIMAT0020192	0.000000	0.000000	0.000000	0.000000	0.032850	0.000000
rr432755-1a-5p-miR	0.000000	0.110108	0.000000	0.037866	0.000000	0.000000
dme-miR-3643-5p_MIMAT0018059	0.000000	0.000000	0.000000	0.000000	0.000000	0.000000
dme-miR-2279-5p_MIMAT0011784	0.514235	0.644047	0.409003	0.476032	0.543779	0.548428
dme-miR-6-3p_MIMAT0000111	1.591653	6.117134	1.504997	2.423438	1.970978	2.234879
dme-miR-4976-5p_MIMAT0020206	1.547441	1.945249	2.398588	2.120508	1.905279	1.767412
dme-miR-31b-3p_MIMAT0020825	0.000000	0.000000	0.000000	0.000000	0.000000	0.000000
rr782755-1a-3p-miR	0.044213	0.000000	0.094062	0.037866	0.229947	0.153688
dme-miR-983-3p_MIMAT0020880_1	0.000000	0.018351	0.023516	0.000000	0.016425	0.000000
rr398966-1b-5p-miR	0.003537	0.000000	0.001568	0.000000	0.032850	0.000000
dme-miR-4911-3p_MIMAT0020504	0.000000	0.000000	0.000000	0.000000	0.000000	0.000000
dme-miR-973-3p_MIMAT0020870	0.618976	0.146811	0.047031	0.151465	0.295647	0.230532
dme-miR-307a-5p_MIMAT0020832	3.669645	5.432015	4.844208	5.244470	5.847236	5.494345
rr398966-1b-3p-miR	1.724291	0.825813	1.951793	0.870923	1.494659	0.922128
dme-miR-9384-5p_MIMAT0035231	0.000000	0.000000	0.000000	0.000000	0.000000	0.000000
dme-miR-2a-1-5p_MIMAT0020780	6.462408	7.685305	5.471290	6.672117	5.619244	8.077310
dme-miR-955-5p_MIMAT0005466	1.105315	1.321301	1.128748	0.984522	0.788391	1.421614
dme-miR-967-5p_MIMAT0005482	2.077992	2.275574	2.633744	2.802100	2.759370	2.228476
rr922319-1a-3p-miR	1.635866	1.761735	2.539682	1.855444	1.576783	1.959522
dme-miR-310-3p_MIMAT0000402	0.353701	2.018654	1.693121	0.265063	0.492745	0.192110
dme-miR-2493-3p_MIMAT0012201	0.000000	0.000000	0.000000	0.000000	0.000000	0.000000
dme-miR-281-3p_MIMAT0000345_1	91.940092	106.172031	103.209850	107.956570	97.497727	100.178947
dme-miR-276a-3p_MIMAT0000337	63056.077314	64337.418519	59701.266094	62547.579355	60145.251733	59426.293420
dme-miR-994-5p_MIMAT0005513	0.707402	57.880319	80.893571	0.605859	1.051188	0.768440
dme-miR-4946-5p_MIMAT0020156	0.000000	0.000000	0.000000	0.000000	0.000000	0.000000
dme-miR-288-3p_MIMAT0000363	0.000000	0.000000	0.000000	0.000000	0.000000	0.000000
dme-miR-969-3p_MIMAT0020866	14.192243	15.818908	15.943558	16.168873	13.961096	13.025056
dme-miR-4953-3p_MIMAT0020168	0.000000	0.000000	0.141093	0.037866	0.000000	0.000000
dme-miR-13b-1-5p_MIMAT0020796	21.398896	27.160074	20.881829	25.824757	26.427534	25.147195
dme-miR-987-3p_MIMAT0020885	5.880275	4.771364	5.643738	5.717798	4.894596	5.417501
dme-miR-4943-3p_MIMAT0020152	0.000000	0.000000	0.094062	0.000000	0.000000	0.115266
dme-miR-4942-3p_MIMAT0020150	0.117900	0.165163	0.117578	0.126221	0.087599	0.339394
rr129188-1a-5p-miR	0.000000	0.000000	0.000000	0.000000	0.000000	0.000000
rr742469-1a-3p-miR	0.044213	0.000000	0.094062	0.037866	0.032850	0.115266
dme-miR-9380-3p_MIMAT0035224	0.000000	0.000000	0.000000	0.113599	0.000000	0.000000
dme-miR-4974-3p_MIMAT0020204	0.000000	0.008564	0.000000	0.012464	0.004380	0.007684
dme-miR-996-3p_MIMAT0005515	1524.803992	1642.016080	1600.093647	1525.459283	1584.633711	1711.046678
dme-miR-985-3p_MIMAT0005502	0.000000	0.036703	0.047031	0.000000	0.065699	0.038422
rr242803-1a-3p-miR	0.132638	0.220217	0.094062	0.151465	0.131399	0.038422
rr645045-1a-5p-miR	1.414803	1.064381	1.599059	1.476782	1.346835	1.306348
dme-miR-2489-5p_MIMAT0020910	0.000000	0.000000	0.000000	0.000000	0.000000	0.000000
dme-miR-79-3p_MIMAT0000352	9.240432	10.717218	10.582008	10.829737	8.836553	11.641864
dme-miR-3644-3p_MIMAT0018062	0.000000	0.110108	0.141093	0.075732	0.000000	0.076844
dme-miR-981-3p_MIMAT0005497	5322.737172	5721.946466	5088.160722	5569.568619	4948.292520	5086.290816
rr622889-1a-5p-miR	0.795827	1.480346	1.834215	1.703980	1.461809	1.517669
dme-miR-315-5p_MIMAT0000407	6360.247131	6470.979292	5557.780254	5743.622766	5731.645986	6079.217611
dme-miR-4974-5p_MIMAT0020203	0.000000	0.000000	0.000000	0.037866	0.065699	0.038422
dme-miR-14-3p_MIMAT0000120	74073.473766	54437.676850	62406.558412	73268.720360	70246.394026	53193.629402
dme-miR-1002-3p_MIMAT0020864	0.088425	0.330325	0.047031	0.302930	0.262797	0.076844
rr498327-1a-5p-miR	0.000000	0.036703	0.000000	0.113599	0.065699	0.000000
rr488204-1a-5p-miR	0.000000	0.036703	0.094062	0.075732	0.032850	0.000000
dme-miR-4948-3p_MIMAT0020159	0.000000	0.000000	0.000000	0.000000	0.000000	0.000000
dme-miR-4-5p_MIMAT0020785	0.132638	1.247895	0.000000	0.227197	0.262797	0.038422
