#mirID	0	4	8	12	16	20
dme-miR-125-5p_MIMAT0000397	2032.732130	1557.932785	1723.889837	1712.625202	1295.512557	1793.845835
dme-miR-929-3p_MIMAT0005511	143.260944	124.289575	155.332404	156.273263	223.006664	121.431317
dme-miR-9370-3p_MIMAT0035204	0.000000	0.000000	0.000000	0.000000	0.000000	0.000000
dme-miR-10404-3p_MIMAT0041638_2	0.068072	0.031050	0.042592	0.035806	0.053236	0.042005
dme-miR-2491-5p_MIMAT0012198	0.000000	0.000000	0.053544	0.000000	0.000000	0.000000
dme-miR-iab-8-5p_MIMAT0005463	0.147035	0.180653	0.267722	0.257806	0.555511	0.284783
dme-miR-9c-3p_MIMAT0020828	0.539128	0.541960	0.481900	0.214838	0.370340	0.569565
dme-miR-137-5p_MIMAT0020888	13.282147	10.613390	13.011298	5.972500	7.036468	10.366088
dme-miR-2a-3p_MIMAT0000106	1382.561230	1100.783957	1304.008661	1139.945494	1121.866100	1251.995606
dme-miR-305-5p_MIMAT0000391	3473.624531	3180.449179	3427.379244	2851.066830	3054.753059	3065.799009
dme-miR-13b-3p_MIMAT0000119	458.764215	419.537533	439.435603	445.771238	472.200511	455.011460
rr733586-1a-3p-miR	0.049012	0.451634	0.267722	0.257806	0.185170	0.113913
dme-miR-2500-5p_MIMAT0012214	2.499592	2.371077	3.105577	1.460899	2.222043	3.360435
dme-miR-4952-3p_MIMAT0020167	1.421337	2.213005	1.392155	1.847608	2.098596	1.594783
dme-miR-4977-3p_MIMAT0020209	0.000000	0.000000	0.000000	0.000000	0.000000	0.000000
dme-miR-5-5p_MIMAT0000110	13.870286	15.220053	18.044474	17.874533	18.578745	15.036523
dme-miR-3645-3p_MIMAT0018064	0.196046	0.090327	0.160633	0.343741	0.370340	0.284783
dme-miR-10404-3p_MIMAT0041638_4	0.068072	0.031050	0.042592	0.035806	0.053236	0.042005
rr901627-1a-3p-miR	0.441105	0.534433	0.468514	0.332999	0.401202	0.555326
dme-miR-2282-3p_MIMAT0011790	0.245058	0.135490	0.107089	0.601547	0.246894	0.113913
rr627154-1a-3p-miR	0.857703	1.671044	1.552789	1.267545	1.049298	1.253044
dme-miR-965-3p_MIMAT0005480	43.130219	33.014418	47.333280	29.733599	28.084149	27.851742
dme-miR-4979-5p_MIMAT0020211	0.000000	0.000000	0.000000	0.000000	0.000000	0.000000
dme-miR-3-3p_MIMAT0000108	2.548604	2.213005	1.606333	2.234317	1.789979	1.196087
rr567113-1a-5p-miR	0.417182	0.419374	0.462864	0.325326	0.396793	0.319548
dme-miR-277-3p_MIMAT0000338	22889.109282	22880.391936	22149.137178	21089.414163	22399.825037	21461.760670
dme-miR-9373-5p_MIMAT0035209	0.049012	0.045163	0.000000	0.042968	0.000000	0.000000
dme-miR-184-5p_MIMAT0000330	16.761972	8.355222	16.705864	11.472357	8.394383	5.581740
dme-miR-6-3p_MIMAT0000111_2	5.174809	4.501282	5.211658	5.771985	7.633128	3.863551
dme-miR-6-3p_MIMAT0000111_1	5.150304	4.501282	5.211658	5.729017	7.633128	3.863551
dme-miR-9382-3p_MIMAT0035228	0.000000	0.000000	0.000000	0.085935	0.061723	0.000000
dme-miR-2495-3p_MIMAT0012205	0.000000	0.000000	0.000000	0.000000	0.000000	0.000000
dme-miR-279-3p_MIMAT0000341	1422.807116	1109.844480	1465.725346	946.447943	1081.023723	1436.443625
dme-miR-33-3p_MIMAT0020808	75.281837	47.015061	63.021799	36.006872	30.182745	28.820003
dme-miR-1007-5p_MIMAT0020904	0.735174	0.767777	1.659877	1.417932	1.913426	1.480870
dme-miR-1004-3p_MIMAT0005017	4.214999	3.296925	4.551277	3.781151	4.073745	4.214783
dme-miR-979-3p_MIMAT0005495	0.098023	0.361307	0.267722	0.128903	0.370340	0.170870
dme-miR-993-5p_MIMAT0020893	120.470544	113.134224	123.848277	117.774268	113.200726	97.139358
dme-miR-34-3p_MIMAT0020812	542.060268	503.819895	548.571654	504.504405	358.150060	528.642010
dme-miR-4941-3p_MIMAT0020149	0.000000	0.000000	0.000000	0.000000	0.000000	0.000000
rr194477-1a-5p-miR	0.098023	0.361307	0.214178	0.128903	0.370340	0.341739
dme-miR-1008-3p_MIMAT0005021	0.882209	0.496797	1.338611	0.257806	0.678957	0.740435
dme-miR-31a-5p_MIMAT0000400	2901.904069	3635.349625	2920.304527	4170.989396	3735.397625	3260.723231
dme-miR-998-3p_MIMAT0005518	38.229058	28.340010	32.287294	27.091089	23.177139	33.946090
dme-miR-6-2-5p_MIMAT0020788	0.049012	0.000000	0.000000	0.000000	0.000000	0.170870
dme-miR-219-5p_MIMAT0000335	69.449455	53.563748	78.924496	49.713546	52.773512	51.488701
rr724257-1a-3p-miR	0.147035	0.180653	0.053544	0.042968	0.123447	0.056957
rr266290-1a-3p-miR	0.049012	0.180653	0.160633	0.000000	0.005144	0.170870
rr765733-1b-3p-miR	0.000000	0.045163	0.000000	0.000000	0.000000	0.000000
rr373604-1a-5p-miR	0.147035	0.496797	0.749622	0.300773	0.308617	0.113913
dme-miR-975-5p_MIMAT0005491	0.196046	0.000000	0.107089	0.000000	0.061723	0.000000
dme-miR-966-3p_MIMAT0020862	0.000000	0.000000	0.053544	0.042968	0.000000	0.000000
rr126254-1a-3p-miR	0.245058	0.090327	0.160633	0.171871	0.123447	0.056957
rr724257-1a-5p-miR	0.000000	0.000000	0.000000	0.000000	0.000000	0.000000
rr1083056-1a-5p-miR	0.000000	0.000000	0.053544	0.000000	0.000000	0.000000
rr271302-1a-3p-miR	0.049012	0.000000	0.000000	0.042968	0.000000	0.000000
dme-miR-13b-3p_MIMAT0000119_1	458.764215	419.537533	439.435603	445.771238	472.200511	455.068416
dme-miR-970-3p_MIMAT0005486	3789.733095	4805.856029	4119.458907	4601.553674	3958.970087	4346.333632
rr641508-1a-3p-miR	0.049012	0.000000	0.107089	0.000000	0.061723	0.000000
dme-miR-4980-3p_MIMAT0020213	0.000000	0.045163	0.053544	0.000000	0.000000	0.000000
dme-miR-954-5p_MIMAT0005465	1.127267	1.008648	1.124433	0.988255	0.740681	0.854348
dme-miR-987-5p_MIMAT0005504	10174.292085	12086.020767	12677.733574	14399.239896	14747.429241	11595.912343
dme-miR-1003-3p_MIMAT0005016	4.018952	3.477579	4.952860	3.458894	2.931862	4.243261
dme-miR-4913-3p_MIMAT0020506	1.102761	1.038757	0.910255	0.923804	0.802404	0.996739
dme-miR-4972-5p_MIMAT0020199	0.049012	0.000000	0.000000	0.000000	0.000000	0.000000
dme-miR-969-5p_MIMAT0005485	0.000000	0.045163	0.053544	0.085935	0.061723	0.056957
dme-miR-1-5p_MIMAT0020779	0.196046	0.090327	0.267722	0.000000	0.061723	0.000000
dme-let-7-5p_MIMAT0000396	26693.676559	21492.250814	24020.006487	24716.032356	27757.334331	21332.099135
dme-miR-980-5p_MIMAT0020877	13.796769	13.932897	13.921553	15.296476	14.381553	18.169132
dme-miR-1016-3p_MIMAT0005029	0.490116	0.406470	0.428355	0.515612	0.555511	0.512609
rr753053-1b-3p-miR	0.000000	0.000000	0.000000	0.042968	0.000000	0.000000
rr347030-1b-5p-miR	0.833197	0.903267	1.338611	1.933543	3.888575	2.278261
dme-miR-994-3p_MIMAT0020894	0.000000	0.090327	0.107089	0.000000	0.000000	0.000000
dme-miR-4960-3p_MIMAT0020180	1.421337	1.038757	1.766966	1.976511	1.975149	0.968261
dme-miR-2498-5p_MIMAT0012210	0.000000	0.090327	0.107089	0.000000	0.123447	0.000000
dme-miR-263a-3p_MIMAT0020799	68.028118	68.512822	90.597183	74.441416	68.142640	73.929573
dme-miR-962-3p_MIMAT0020857	0.000000	0.000000	0.000000	0.000000	0.000000	0.000000
rr432755-1a-3p-miR	34.945280	39.517943	31.751850	35.254939	33.577533	36.452178
rr68215-1a-3p-miR	0.784186	0.767777	0.803167	0.558579	0.740681	0.854348
dme-miR-2b-1-5p_MIMAT0020782	15.438658	12.329598	14.510542	15.983958	14.381553	12.131740
dme-miR-274-3p_MIMAT0020800	1.078255	0.993594	0.910255	1.052707	0.864128	0.398696
dme-miR-4968-3p_MIMAT0032118	0.001750	0.001613	0.000000	0.000000	0.000000	0.002034
dme-miR-983-3p_MIMAT0020880	0.000000	0.000000	0.133861	0.064451	0.000000	0.056957
dme-miR-932-5p_MIMAT0005479	791.978649	746.956859	784.675838	706.817481	860.856336	777.997688
rr139215-1a-5p-miR	0.098023	0.000000	0.053544	0.085935	0.308617	0.170870
dme-miR-2499-5p_MIMAT0012212	0.000000	0.000000	0.107089	0.000000	0.000000	0.000000
dme-miR-1014-5p_MIMAT0020907	0.000000	0.000000	0.160633	0.042968	0.000000	0.000000
dme-miR-1001-5p_MIMAT0005521	228.590162	215.000189	252.997452	237.116855	281.798208	197.895455
rr446444-1d-5p-miR	0.001634	0.004280	0.006425	0.000000	0.000000	0.009440
dme-miR-4957-3p_MIMAT0020176	0.343081	0.587124	0.374811	0.257806	0.246894	0.113913
rr817655-5b-3p-miR	8.936684	8.609212	9.462321	9.996521	9.287609	7.217748
dme-miR-375-5p_MIMAT0020853	0.392093	0.225817	0.160633	0.945288	0.617234	0.170870
dme-miR-10404-5p_MIMAT0041637_9	5.847293	5.898024	5.417291	5.707285	6.017075	5.640084
dme-miR-2491-3p_MIMAT0020912	0.000000	0.002657	0.000000	0.000000	0.000000	0.000000
rr315285-1a-3p-miR	0.735174	0.361307	0.481900	0.472644	0.246894	0.398696
dme-miR-2b-3p_MIMAT0000107_1	1112.090646	909.374098	1029.575587	943.483177	965.032071	978.722933
dme-miR-10404-5p_MIMAT0041637_3	5.847293	5.898024	5.417291	5.707285	6.017075	5.640084
dme-miR-10404-5p_MIMAT0041637_2	5.847293	5.898024	5.417291	5.707285	6.017075	5.640084
dme-miR-10404-5p_MIMAT0041637_1	5.847293	5.898024	5.417291	5.707285	6.017075	5.640084
dme-miR-10404-5p_MIMAT0041637_7	5.847293	5.898024	5.417291	5.707285	6.017075	5.640084
dme-miR-10404-5p_MIMAT0041637_6	5.847293	5.898024	5.417291	5.707285	6.017075	5.640084
dme-miR-10404-5p_MIMAT0041637_5	5.847293	5.898024	5.417291	5.707285	6.017075	5.640084
dme-miR-10404-5p_MIMAT0041637_4	5.847293	5.898024	5.417291	5.707285	6.017075	5.640084
dme-miR-2494-3p_MIMAT0012203	0.000000	0.000000	0.000000	0.000000	0.000000	0.000000
dme-miR-263b-3p_MIMAT0020822	0.196046	0.225817	0.133861	0.042968	0.277755	0.113913
dme-miR-13a-3p_MIMAT0000118	430.010736	368.254534	405.158241	327.255778	368.700648	429.599355
rr309853-1a-5p-miR	0.441105	0.090327	0.107089	0.128903	0.000000	0.113913
dme-miR-313-5p_MIMAT0020839	0.220552	0.270980	0.053544	0.386709	0.432064	0.142391
rr593300-1b-5p-miR	0.147035	0.180653	0.053544	0.085935	0.185170	0.113913
dme-miR-9379-3p_MIMAT0035222	1.078255	0.587124	0.749622	1.417932	1.234468	1.025217
rr129188-1a-3p-miR	0.735174	0.451634	0.428355	0.859353	0.493787	1.253044
dme-miR-968-5p_MIMAT0005484	0.588139	0.677450	0.535444	0.816385	1.357915	0.455652
dme-miR-210-3p_MIMAT0000355	31045.597357	31086.123343	33269.861069	33747.025708	33319.621310	31730.908675
dme-miR-997-5p_MIMAT0005517	0.000000	0.000000	0.000000	0.000000	0.000000	0.000000
dme-miR-4963-5p_MIMAT0020185	0.000000	0.000000	0.000000	0.000000	0.000000	0.000000
dme-miR-927-3p_MIMAT0020882	583.875342	736.998338	627.139188	908.113657	786.016707	661.777894
dme-miR-4963-3p_MIMAT0020186	0.686163	0.677450	0.588989	1.031223	1.049298	1.025217
rr405314-1a-3p-miR	0.588139	0.541960	0.321267	0.214838	0.123447	0.341739
dme-miR-2b-3p_MIMAT0000107	1114.655587	912.114008	1031.547807	946.200879	968.473151	978.998223
rr279401-1a-3p-miR	0.098023	0.045163	0.053544	0.085935	0.000000	0.000000
dme-miR-9371-3p_MIMAT0035206	0.098023	0.180653	0.428355	0.128903	0.185170	0.227826
dme-miR-317-3p_MIMAT0000409	4459.762684	3253.839644	4366.066723	2302.506284	2623.769380	4156.744337
rr844464-1a-3p-miR	0.098023	0.225817	0.107089	0.128903	0.000000	0.113913
dme-miR-1005-3p_MIMAT0005018	2.564941	2.340968	2.552285	1.403609	1.769404	2.373189
dme-miR-12-5p_MIMAT0000117	1588.490873	1530.179899	1597.257250	1493.898492	1801.490173	1473.408411
dme-miR-10404-3p_MIMAT0041638_8	0.068072	0.031050	0.042592	0.035806	0.053236	0.042005
dme-miR-10404-3p_MIMAT0041638_9	0.068072	0.031050	0.042592	0.035806	0.053236	0.042005
dme-miR-14-5p_MIMAT0020798	658.912121	637.548612	728.525574	574.498671	514.927510	592.205495
dme-miR-4979-3p_MIMAT0020212	0.000000	0.000000	0.000000	0.000000	0.000000	0.056957
dme-miR-9380-5p_MIMAT0035223	0.049012	0.000000	0.017848	0.000000	0.000000	0.000000
dme-miR-10404-3p_MIMAT0041638_3	0.068072	0.031050	0.042592	0.035806	0.053236	0.042005
dme-miR-2283-5p_MIMAT0011791	0.147035	0.090327	0.160633	0.171871	0.493787	0.455652
dme-miR-10404-3p_MIMAT0041638_6	0.068072	0.031050	0.042592	0.035806	0.053236	0.042005
dme-miR-10404-3p_MIMAT0041638_7	0.068072	0.031050	0.042592	0.035806	0.053236	0.042005
dme-miR-9374-5p_MIMAT0035211	0.343081	0.406470	0.107089	0.171871	0.246894	0.569565
dme-miR-10404-3p_MIMAT0041638_5	0.068072	0.031050	0.042592	0.035806	0.053236	0.042005
rr1146-1a-5p-miR	0.000000	0.030109	0.000000	0.021484	0.030862	0.009493
rr641508-1a-5p-miR	0.686163	0.677450	0.535444	0.644514	0.864128	0.740435
rr776664-1a-5p-miR	0.000000	0.000000	0.000000	0.000000	0.000000	0.000000
rr817690-5b-3p-miR	8.936684	8.605449	9.493556	9.989360	9.287609	7.198763
dme-miR-6-3-5p_MIMAT0020789	0.000000	0.000000	0.000000	0.000000	0.000000	0.000000
dme-miR-184-3p_MIMAT0000331	90830.599649	101226.384075	97046.770710	128013.647577	116782.102733	106115.820400
dme-miR-190-5p_MIMAT0005467	1367.089081	1385.393684	1495.201558	1659.123344	1857.180115	1671.474736
rr471690-1b-3p-miR	0.196046	0.045163	0.374811	0.171871	0.370340	0.170870
rr242803-1a-5p-miR	0.000000	0.045163	0.053544	0.042968	0.185170	0.123406
dme-miR-13b-2-5p_MIMAT0020797	35.092315	33.285398	41.068581	32.999138	36.416809	43.913483
dme-miR-955-3p_MIMAT0020847	0.000000	0.000000	0.000000	0.000000	0.000000	0.000000
dme-miR-956-3p_MIMAT0005469	249.591638	310.678773	847.769029	291.019745	262.941707	231.471328
rr622889-1a-3p-miR	0.357085	0.541960	0.696078	0.300773	0.432064	0.455652
dme-miR-988-3p_MIMAT0005505	18.820459	16.845934	18.151563	18.089371	15.060511	17.656524
dme-miR-9370-5p_MIMAT0035203	5.538312	5.780910	5.086721	7.304497	4.752702	4.214783
dme-miR-963-5p_MIMAT0005477	0.343081	0.000000	0.053544	0.085935	0.061723	0.056957
rr527087-1a-5p-miR	33.485459	20.355311	27.483332	13.446428	23.954220	20.121611
dme-miR-964-5p_MIMAT0005478	0.098023	0.135490	0.160633	0.386709	0.185170	0.113913
rr494838-1a-3p-miR	0.294070	0.361307	0.160633	0.300773	0.185170	0.341739
dme-miR-985-5p_MIMAT0020883	0.000000	0.000000	0.000000	0.000000	0.000000	0.000000
dme-miR-92a-3p_MIMAT0000334	2.352557	2.190423	2.382727	2.492122	1.419638	1.537826
dme-miR-34-5p_MIMAT0000350	50666.677655	49690.350225	55911.865841	55231.040244	44035.061676	40110.267574
rr249955-1a-3p-miR	0.735174	0.361307	0.481900	0.472644	0.246894	0.398696
dme-miR-2497-5p_MIMAT0012208	0.000000	0.000000	0.053544	0.000000	0.061723	0.000000
dme-miR-277-5p_MIMAT0020804	130.811994	136.664336	122.616755	135.433964	124.002322	128.949578
dme-miR-4982-3p_MIMAT0020216	0.000000	0.000000	0.000000	0.000000	0.000000	0.227826
rr80643-2a-5p-miR	0.000000	0.045163	0.053544	0.021484	0.000000	0.000000
dme-miR-2493-5p_MIMAT0012200	0.000000	0.000000	0.000000	0.000000	0.000000	0.000000
rr903317-1a-3p-miR	0.959329	0.470691	0.563161	0.638271	0.545301	0.561641
rr167465-1a-3p-miR	0.098023	0.180653	0.000000	0.085935	0.123447	0.227826
dme-miR-9373-3p_MIMAT0035210	0.294070	0.270980	0.267722	0.257806	0.185170	0.227826
dme-miR-986-3p_MIMAT0020884	0.833197	0.316144	1.231522	0.816385	0.864128	1.025217
dme-miR-303-3p_MIMAT0020824	0.686163	0.383889	0.588989	0.171871	0.308617	0.341739
dme-miR-982-5p_MIMAT0005498	12.841043	8.716529	12.850664	10.484101	10.246085	11.448262
rr645002-1a-5p-miR	0.000000	0.045163	0.107089	0.128903	0.000000	0.000000
dme-miR-2498-3p_MIMAT0012211	0.000000	0.000000	0.000000	0.000000	0.000000	0.000000
rr884543-1b-3p-miR	8.936684	8.605449	9.493556	9.989360	9.287609	7.198763
rr462295-1a-5p-miR	0.245058	0.135490	0.107089	0.085935	0.246894	0.227826
rr481431-1a-3p-miR	0.343081	0.180653	0.321267	0.171871	0.185170	0.284783
dme-miR-2283-3p_MIMAT0020909	0.490116	0.180653	0.214178	0.343741	0.308617	0.170870
dme-miR-973-5p_MIMAT0005489	0.294070	0.225817	0.053544	0.128903	0.216032	0.113913
dme-miR-2490-3p_MIMAT0020911	0.000000	0.045163	0.000000	0.000000	0.000000	0.000000
dme-miR-133-3p_MIMAT0000340	27869.742879	29692.246474	29171.409429	28725.857340	28172.660839	27617.565211
rr885562-1b-3p-miR	0.343081	0.180653	0.160633	0.128903	0.000000	0.341739
dme-miR-4987-3p_MIMAT0020226	0.049012	0.225817	0.107089	0.000000	0.061723	0.170870
dme-miR-124-5p_MIMAT0020813	204.672495	175.188685	196.936430	159.152094	172.763812	204.246108
dme-miR-11182_MIMAT0043998	14.331812	11.408637	14.037566	13.041977	10.847889	13.868914
rr635885-1a-3p-miR	0.000000	0.000000	0.053544	0.171871	0.000000	0.000000
rr817686-1b-3p-miR	8.936684	8.609212	9.462321	9.996521	9.287609	7.246226
dme-miR-309-3p_MIMAT0000401	0.000000	0.000000	0.000000	0.000000	0.000000	0.000000
rr1170829-1a-5p-miR	0.000000	0.000000	0.000000	0.000000	0.000000	0.000000
dme-miR-4965-5p_MIMAT0020188	0.049012	0.000000	0.107089	0.000000	0.000000	0.000000
rr66138-1a-3p-miR	0.245058	0.316144	0.107089	0.343741	0.061723	0.227826
dme-miR-4944-3p_MIMAT0020154	0.000000	0.000000	0.000000	0.000000	0.000000	0.000000
dme-miR-4956-3p_MIMAT0020174	0.441105	0.225817	0.803167	0.257806	0.370340	0.512609
dme-miR-2501-5p_MIMAT0012216	0.441105	0.632287	0.481900	0.558579	0.493787	0.569565
dme-miR-4986-5p_MIMAT0020223	0.000000	0.000000	0.000000	0.085935	0.061723	0.113913
dme-miR-4977-5p_MIMAT0020208	0.000000	0.000000	0.000000	0.000000	0.000000	0.000000
dme-miR-988-5p_MIMAT0020886	295.956623	161.639676	241.699577	260.899437	388.703146	143.017841
dme-miR-977-5p_MIMAT0020874	0.098023	0.090327	0.053544	0.085935	0.000000	0.113913
rr111468-1d-5p-miR	0.000000	0.000000	0.000000	0.000000	0.000000	0.000000
rr989876-1a-5p-miR	0.098023	0.090327	0.053544	0.042968	0.185170	0.284783
rr1005758-2a-3p-miR	0.000000	0.090327	0.053544	0.042968	0.061723	0.170870
dme-miR-2489-3p_MIMAT0012196	5.150887	5.078620	5.889888	6.195932	6.480958	4.313508
dme-miR-971-5p_MIMAT0020868	10.782555	10.613390	9.664770	8.206817	11.233660	10.252175
rr496920-1a-3p-miR	0.098023	0.270980	0.053544	0.042968	0.000000	0.000000
dme-miR-995-5p_MIMAT0010206	5.685347	5.148623	4.551277	3.566313	5.308213	4.556522
dme-miR-2500-3p_MIMAT0012215	1.470348	1.445228	0.588989	1.604125	2.098596	1.423913
dme-miR-9369-3p_MIMAT0035202	0.049012	0.090327	0.000000	0.000000	0.061723	0.000000
rr1083056-1a-3p-miR	0.784186	0.993594	0.803167	0.386709	0.740681	1.082174
dme-bantam-3p_MIMAT0000365	62049.159088	81859.536174	73510.071459	73831.139198	74196.779830	86187.215539
dme-miR-307a-3p_MIMAT0000398	108.805780	87.029800	100.502903	74.871092	81.135416	89.763487
dme-miR-285-5p_MIMAT0020817	1825.192456	2423.578962	1969.176891	2471.970609	2268.859799	1826.909100
dme-miR-31b-5p_MIMAT0000389	2507.826197	3105.560796	2505.040666	3515.303392	3170.782774	2827.625796
rr76561-2a-5p-miR	0.245058	0.541960	0.428355	0.429676	0.493787	0.341739
dme-miR-285-3p_MIMAT0000356	145.229577	114.331053	139.420783	113.584925	119.475938	134.892043
dme-miR-4958-3p_MIMAT0020178	0.000000	0.000000	0.000000	0.000000	0.000000	0.000000
dme-miR-3644-5p_MIMAT0018061	0.000000	0.000000	0.000000	0.000000	0.061723	0.056957
dme-miR-87-5p_MIMAT0020821	8.969125	8.219732	8.888376	9.066170	4.598394	3.360435
dme-miR-972-3p_MIMAT0005488	0.343081	0.812941	0.588989	0.515612	0.308617	0.284783
dme-miR-4983-3p_MIMAT0020218	0.049012	0.045163	0.000000	0.000000	0.000000	0.000000
rr885562-1b-5p-miR	0.000000	0.000000	0.053544	0.000000	0.000000	0.000000
rr1098852-1a-3p-miR	0.000000	0.090327	0.000000	0.300773	0.123447	0.056957
rr1126954-1b-5p-miR	0.000000	0.000000	0.053544	0.000000	0.061723	0.000000
dme-miR-276b-5p_MIMAT0020815	124.955107	105.208054	131.210636	80.585786	79.489459	134.265521
dme-miR-1000-5p_MIMAT0005520	1714.009613	1795.853381	1557.607596	1710.713143	1817.322226	1772.800398
dme-miR-4954-3p_MIMAT0020170	0.098023	0.045163	0.000000	0.000000	0.000000	0.000000
dme-miR-980-3p_MIMAT0005496	56.706436	56.454204	54.668867	44.729301	52.341448	53.311310
dme-miR-9385-5p_MIMAT0035233	0.000000	0.000000	0.000000	0.000000	0.000000	0.000000
rr167465-1a-5p-miR	0.049012	0.000000	0.000000	0.085935	0.000000	0.000000
dme-miR-1014-3p_MIMAT0005027	0.000000	0.000000	0.000000	0.000000	0.000000	0.000000
dme-miR-125-3p_MIMAT0020831	174.138260	165.049510	176.482456	180.958165	218.007068	137.777840
dme-miR-314-3p_MIMAT0000406	0.343081	0.406470	1.820511	0.214838	0.246894	0.455652
rr568858-1a-3p-miR	0.881312	0.632932	0.374174	0.611507	0.674674	0.325466
dme-miR-4973-5p_MIMAT0020201	0.637151	0.993594	0.749622	0.945288	1.481362	0.455652
dme-miR-1006-5p_MIMAT0020903	2.744650	2.213005	2.570133	1.718705	2.283766	3.246522
dme-miR-9369-5p_MIMAT0035201	0.049012	0.180653	0.214178	0.042968	0.308617	0.170870
dme-miR-315-3p_MIMAT0020841	28.451241	23.688184	29.235261	18.690918	21.356298	25.658916
dme-miR-193-3p_MIMAT0005468	24.995922	15.897504	24.576895	14.952735	15.986362	18.425437
dme-miR-2279-3p_MIMAT0011785	0.000000	0.000000	0.000000	0.000000	0.000000	0.000000
dme-miR-1010-3p_MIMAT0005023	593.146705	679.369887	616.617706	865.783382	800.676015	671.109271
dme-miR-252-3p_MIMAT0020896	3.839243	2.182896	3.641022	1.783157	2.057447	1.708696
dme-miR-2281-5p_MIMAT0011788	0.000000	0.000000	0.000000	0.000000	0.000000	0.000000
dme-miR-959-5p_MIMAT0020854	0.000000	0.045163	0.214178	0.085935	0.061723	0.000000
rr76561-2a-3p-miR	21.074993	22.039721	19.704352	20.796332	19.874937	18.852611
rr446444-1d-3p-miR	1.849123	1.395763	1.581473	1.104831	1.877532	1.049627
rr471690-1b-5p-miR	0.000000	0.000000	0.000000	0.042968	0.000000	0.000000
dme-miR-4982-5p_MIMAT0020215	0.049012	0.135490	0.321267	0.042968	0.061723	0.056957
dme-miR-992-3p_MIMAT0005510	0.049012	0.000000	0.000000	0.000000	0.000000	0.000000
dme-miR-2492-3p_MIMAT0012199	0.392093	0.496797	0.321267	0.558579	0.185170	0.284783
rr1148444-1a-5p-miR	0.000000	0.000000	0.000000	0.000000	0.000000	0.000000
dme-miR-8-5p_MIMAT0020791	1953.896951	1452.792476	1642.154258	1701.453619	1519.198178	1205.029253
rr754903-2d-3p-miR	0.098023	0.406470	0.053544	0.214838	0.123447	0.113913
dme-miR-2280-3p_MIMAT0011787	0.000000	0.000000	0.160633	0.000000	0.000000	0.056957
rr305851-1a-3p-miR	0.049012	0.045163	0.053544	0.042968	0.000000	0.000000
dme-miR-4985-3p_MIMAT0020222	0.000000	0.000000	0.000000	0.042968	0.000000	0.000000
dme-miR-iab-8-3p_MIMAT0005464	0.000000	0.000000	0.000000	0.000000	0.000000	0.000000
dme-miR-3641-3p_MIMAT0018056	0.098023	0.000000	0.053544	0.000000	0.061723	0.056957
dme-miR-308-5p_MIMAT0020833	208.039592	153.932548	199.817120	192.742037	271.274367	161.460364
dme-miR-7-5p_MIMAT0000112	919.335325	862.266452	962.746778	931.566821	1073.740361	895.033860
dme-miR-2535b-3p_MIMAT0020510	38.572139	31.685863	36.320975	32.633913	30.141596	34.173917
dme-miR-318-5p_MIMAT0020844	0.000000	0.045163	0.000000	0.000000	0.000000	0.000000
rr271302-1a-5p-miR	0.539128	0.609705	0.133861	0.472644	0.339479	0.113913
rr645045-1a-3p-miR	2.205523	1.445228	1.445700	2.320252	1.234468	1.651739
dme-miR-957-3p_MIMAT0005470	16523.942108	18823.530580	16747.570262	17126.540383	15473.964126	19555.106269
dme-miR-4984-5p_MIMAT0020219	0.000000	0.000000	0.000000	0.000000	0.000000	0.113913
dme-miR-2496-5p_MIMAT0012206	0.000000	0.000000	0.000000	0.000000	0.000000	0.000000
dme-miR-1007-3p_MIMAT0005020	28.206183	20.248241	25.861962	19.786593	26.726235	24.377394
dme-miR-9a-5p_MIMAT0000114	12632.057004	12194.582200	12099.007480	13647.356535	16950.203847	12198.379506
rr817686-1b-5p-miR	598.668168	503.688195	586.372365	1040.323557	1065.840474	942.307661
dme-miR-975-3p_MIMAT0020872	0.000000	0.000000	0.000000	0.000000	0.000000	0.000000
rr932052-1a-3p-miR	0.049012	0.451634	0.267722	0.257806	0.185170	0.113913
rr186599-1a-3p-miR	1.176279	1.799007	1.142281	1.539673	0.761255	1.044203
rr185274-1a-3p-miR	0.049012	0.000000	0.000000	0.042968	0.000000	0.056957
rr568858-1a-5p-miR	0.050645	0.002823	0.006425	0.064451	0.000000	0.064432
rr922716-1a-5p-miR	17.790494	16.225848	18.263384	15.164623	19.154223	17.092212
dme-miR-1011-3p_MIMAT0005024	4.018952	3.929213	4.658366	5.456889	5.555106	2.961739
rr488204-1a-3p-miR	0.196046	0.135490	0.053544	0.300773	0.123447	0.170870
dme-miR-137-3p_MIMAT0005507	176.147736	137.703094	165.238124	129.504431	128.322960	170.812626
dme-miR-959-3p_MIMAT0005473	0.196046	0.090327	0.053544	0.085935	0.123447	0.000000
dme-miR-9a-3p_MIMAT0020792	10.243427	7.271301	11.324648	6.917788	8.085766	11.106523
rr55592-1b-3p-miR	0.000000	0.000000	0.053544	0.000000	0.020574	0.000000
dme-miR-282-3p_MIMAT0020809	2.695639	2.980782	3.587477	1.847608	2.345489	3.018696
dme-miR-100-3p_MIMAT0020818	36.807721	39.111472	37.266926	30.807789	31.417213	38.331743
dme-miR-303-5p_MIMAT0000388	0.049012	0.000000	0.053544	0.000000	0.000000	0.000000
dme-miR-1001-3p_MIMAT0020901	4.362034	4.877643	4.015833	4.747923	3.271340	5.524783
dme-miR-995-3p_MIMAT0005514	5617.155580	5327.849027	5664.236504	6042.045791	5894.588649	5320.195326
dme-miR-10-3p_MIMAT0012531	2374.220541	2082.031030	2195.910798	2083.457316	2302.684225	2175.796309
dme-miR-275-5p_MIMAT0020801	192.860696	179.727603	204.272017	141.578334	115.823970	131.996753
dme-miR-998-5p_MIMAT0020898	244.322889	295.526465	233.373417	323.524755	293.741686	237.138502
dme-miR-4940-3p_MIMAT0020147	4.313022	5.464767	5.943432	7.003723	8.054904	4.613479
dme-miR-310-5p_MIMAT0020836	0.000000	0.000000	0.000000	0.000000	0.000000	0.000000
dme-miR-280-5p_MIMAT0000343	0.000000	0.000000	0.000000	0.000000	0.000000	0.000000
dme-bantam-5p_MIMAT0020823	3194.310268	4028.903169	3283.052006	6603.415464	5894.732621	3306.957693
dme-miR-960-5p_MIMAT0005474	0.098023	0.316144	0.321267	0.429676	0.246894	0.227826
rr325173-1a-3p-miR	1.100194	0.780426	1.034931	0.594467	0.872459	1.035878
dme-miR-4952-5p_MIMAT0020166	23.182493	23.326877	22.113851	25.930964	25.985554	23.323698
dme-miR-983-5p_MIMAT0005499_1	0.661657	1.445228	1.258294	0.902320	1.265330	1.224565
dme-miR-5-3p_MIMAT0020786	0.000000	0.000000	0.000000	0.085935	0.030862	0.056957
dme-miR-278-5p_MIMAT0020805	1091.390591	910.177253	994.373691	828.158063	734.631972	1030.457497
dme-miR-12-3p_MIMAT0020794	3.185755	3.703396	3.533933	2.921799	2.654106	3.132609
dme-miR-193-5p_MIMAT0020849	285.321103	270.325309	312.378230	226.385690	236.400643	299.904596
rr347030-1b-3p-miR	0.098023	0.000000	0.053544	0.128903	0.000000	0.000000
dme-miR-4947-5p_MIMAT0020157	0.000000	0.000000	0.000000	0.000000	0.000000	0.000000
dme-miR-4915-5p_MIMAT0020508	0.000000	0.000000	0.000000	0.000000	0.000000	0.000000
dme-miR-2494-5p_MIMAT0012202	0.000000	0.000000	0.000000	0.000000	0.000000	0.000000
rr190705-1a-5p-miR	0.000000	0.000000	0.000000	0.000000	0.000000	0.000000
dme-miR-4968-5p_MIMAT0020194	1.323314	1.083921	0.910255	1.460899	1.172745	1.025217
dme-miR-3642-3p_MIMAT0018058	0.294070	0.270980	0.535444	0.171871	0.123447	0.113913
rr435322-1a-5p-miR	0.490116	0.406470	0.749622	0.902320	0.370340	0.227826
dme-miR-92a-5p_MIMAT0020802	0.539128	0.180653	0.107089	0.257806	0.864128	0.113913
dme-miR-956-5p_MIMAT0020850	0.049012	0.045163	0.053544	0.042968	0.000000	0.170870
dme-miR-9374-3p_MIMAT0035212	0.000000	0.000000	0.000000	0.000000	0.000000	0.056957
dme-miR-1002-5p_MIMAT0005483	0.196046	0.496797	0.321267	0.343741	0.185170	0.170870
dme-miR-4962-3p_MIMAT0020184	1.225290	0.767777	1.499244	0.558579	0.617234	0.626522
dme-miR-4956-5p_MIMAT0020173	1.666395	2.303332	1.606333	1.482383	0.987574	1.651739
dme-miR-1004-5p_MIMAT0032027	57.490622	62.302859	62.700533	65.912341	64.500959	67.949137
rr201237-3a-3p-miR	0.049012	0.090327	0.053544	0.128903	0.185170	0.170870
dme-miR-282-5p_MIMAT0000346	57.294575	53.714293	62.325722	52.076765	53.143852	53.197397
dme-miR-3642-5p_MIMAT0018057	0.049012	0.000000	0.107089	0.042968	0.000000	0.000000
rr186599-1a-5p-miR	0.000000	0.000000	0.053544	0.000000	0.000000	0.000000
rr901626-1a-3p-miR	0.441105	0.413997	0.361425	0.232741	0.298330	0.441413
rr767199-3a-5p-miR	31.611887	35.303663	38.647204	28.838337	34.822750	35.127306
dme-miR-33-5p_MIMAT0000342	30583.385175	33118.858562	30562.565227	30921.524617	38069.237359	30431.246151
rr817650-3a-3p-miR	8.662219	8.446624	9.323106	9.837541	8.830856	6.722226
rr363371-1a-3p-miR	0.000000	0.000000	0.000000	0.000000	0.000000	0.000000
dme-miR-3641-5p_MIMAT0018055	0.098023	0.000000	0.107089	0.000000	0.000000	0.000000
dme-miR-4983-5p_MIMAT0020217	0.000000	0.135490	0.000000	0.000000	0.000000	0.056957
dme-miR-957-5p_MIMAT0020851	1.666395	2.258168	1.338611	2.706961	2.654106	1.139131
dme-miR-4966-3p_MIMAT0020191	0.024506	0.045163	0.107089	0.021484	0.092585	0.113913
rr413031-1a-3p-miR	0.441105	0.632287	0.749622	0.472644	0.555511	0.911304
dme-miR-9375-5p_MIMAT0035213	0.392093	0.316144	0.535444	0.257806	0.061723	0.227826
dme-miR-4919-3p_MIMAT0032117	38.376093	48.686105	42.139470	42.752790	33.515809	42.375657
rr190705-1a-3p-miR	0.147035	0.135490	0.160633	0.128903	0.000000	0.170870
rr439710-1a-3p-miR	0.098023	0.090327	0.053544	0.343741	0.432064	0.284783
rr593300-1b-3p-miR	0.000000	0.000000	0.000000	0.042968	0.000000	0.000000
dme-miR-124-3p_MIMAT0000351	507.931848	404.099190	531.803322	354.848156	401.510752	468.866135
rr936447-1a-3p-miR	0.245058	0.090327	0.000000	0.000000	0.123447	0.455652
dme-miR-966-5p_MIMAT0005481	27.864762	24.767555	26.486075	30.579271	24.912912	16.544411
dme-miR-286-5p_MIMAT0020820	0.049012	0.090327	0.214178	0.042968	0.061723	0.284783
rr940258-1a-5p-miR	0.171541	0.045163	0.240950	0.751933	0.216032	0.655000
rr782755-1a-5p-miR	0.000000	0.000000	0.107089	0.171871	0.000000	0.000000
dme-miR-1015-3p_MIMAT0005028	0.049012	0.090327	0.107089	0.042968	0.185170	0.056957
dme-miR-289-5p_MIMAT0000364	0.000000	0.007527	0.000000	0.000000	0.000000	0.000000
dme-miR-10404-3p_MIMAT0041638	0.068072	0.031050	0.042592	0.035806	0.053236	0.042005
dme-miR-305-3p_MIMAT0020827	6417.629575	5540.189728	6443.001788	5050.909128	4904.665243	6823.477436
dme-miR-309-5p_MIMAT0020835	0.196046	0.090327	0.000000	0.085935	0.061723	0.000000
rr111469-1a-3p-miR	0.931221	0.858104	1.017344	0.859353	1.049298	0.626522
dme-miR-2a-2-5p_MIMAT0020781	392.166419	382.006778	412.372461	397.686881	447.978189	378.333734
dme-miR-9376-3p_MIMAT0035216	0.000000	0.000000	0.000000	0.000000	0.185170	0.227826
dme-miR-2497-3p_MIMAT0012209	0.294070	0.135490	0.107089	0.085935	0.370340	0.056957
dme-miR-4965-3p_MIMAT0020189	0.000000	0.000000	0.000000	0.000000	0.000000	0.000000
dme-miR-4941-5p_MIMAT0020148	0.098023	0.022582	0.107089	0.150387	0.061723	0.000000
dme-miR-306-3p_MIMAT0000394	19.947726	17.658875	22.488662	15.081637	13.887766	27.168264
rr1192978-1a-3p-miR	0.000000	0.045163	0.000000	0.000000	0.061723	0.000000
rr446445-3a-5p-miR	0.050645	0.002823	0.006425	0.064451	0.000000	0.064432
dme-miR-970-5p_MIMAT0020867	1.421337	1.896861	1.392155	1.632770	1.234468	1.993478
dme-miR-317-5p_MIMAT0020843	394.445459	356.632495	382.628528	330.936671	294.420644	414.016999
dme-miR-963-3p_MIMAT0020858	0.098023	0.090327	0.107089	0.128903	0.061723	0.000000
dme-miR-990-5p_MIMAT0005508	211.754673	195.557361	221.834592	198.940118	178.843567	156.174799
rr602190-1a-3p-miR	0.093939	0.160222	0.116013	0.128903	0.108016	0.085435
dme-miR-316-3p_MIMAT0020842	0.196046	0.316144	0.321267	0.300773	0.185170	0.170870
rr105567-1a-5p-miR	0.441105	0.451634	0.910255	0.558579	0.740681	0.797391
dme-miR-2499-3p_MIMAT0012213	0.588139	0.677450	1.231522	0.386709	0.740681	0.512609
dme-miR-9378-5p_MIMAT0035219	8.331974	7.180975	5.675710	6.788885	6.666128	6.834783
dme-miR-286-3p_MIMAT0000359	37.984000	43.943952	41.068581	45.502718	33.947873	34.857395
dme-miR-31a-3p_MIMAT0020834	1.813430	2.303332	2.623677	1.246061	1.975149	2.221305
dme-miR-100-5p_MIMAT0000357	361.803725	302.481623	302.178015	281.588350	254.084398	331.173729
dme-miR-281-1-5p_MIMAT0000344	2832.650660	3311.829402	3181.449657	3903.630491	3149.251592	2733.486149
dme-miR-9375-3p_MIMAT0035214	0.049012	0.135490	0.000000	0.042968	0.123447	0.170870
dme-miR-991-5p_MIMAT0020890	0.000000	0.000000	0.000000	0.000000	0.000000	0.000000
dme-miR-9385-3p_MIMAT0035234	0.000000	0.000000	0.000000	0.000000	0.000000	0.000000
dme-miR-4950-3p_MIMAT0020163	0.245058	0.225817	0.107089	0.171871	0.123447	0.056957
dme-miR-996-5p_MIMAT0020895	137.673620	158.297587	137.876919	161.859055	166.961812	152.472624
dme-miR-989-5p_MIMAT0020887	0.000000	0.000000	0.000000	0.000000	0.000000	0.000000
dme-miR-978-3p_MIMAT0005494	0.833197	0.406470	0.588989	0.515612	0.432064	0.626522
dme-miR-313-3p_MIMAT0000405	0.931221	0.090327	0.481900	0.257806	0.740681	0.512609
rr594676-1b-5p-miR	0.637151	1.264574	0.803167	0.687482	0.802404	0.797391
dme-miR-312-3p_MIMAT0000404	41.512836	37.869480	39.783515	51.668573	32.466511	30.272394
dme-miR-1010-5p_MIMAT0020905	11.958833	8.671366	11.083698	10.720423	9.505404	8.543479
rr279401-1a-5p-miR	0.049012	0.000000	0.053544	0.000000	0.123447	0.056957
dme-miR-1006-3p_MIMAT0005019	52.319897	38.209710	47.596540	41.347032	48.766634	43.671418
dme-miR-1003-5p_MIMAT0020902	1.225290	1.287156	1.392155	1.031223	0.802404	0.797391
dme-miR-11-3p_MIMAT0000116	28190.303332	33309.131810	29410.592417	34973.071168	29073.678537	29920.051823
rr791328-2a-3p-miR	0.000000	0.090327	0.053544	0.042968	0.061723	0.170870
dme-miR-79-5p_MIMAT0020814	1.813430	1.016176	1.311839	1.246061	0.833266	1.082174
dme-miR-999-5p_MIMAT0020899	0.539128	1.083921	0.321267	0.601547	0.740681	0.569565
dme-miR-2490-5p_MIMAT0012197	0.019255	0.000000	0.013386	0.018415	0.015431	0.000000
dme-miR-316-5p_MIMAT0000408	533.932508	649.042688	530.545028	704.411294	595.106214	597.417018
dme-miR-9372-3p_MIMAT0035208	0.147035	0.406470	0.214178	0.214838	0.123447	0.227826
dme-miR-2492-5p_MIMAT0020913	0.000000	0.045163	0.000000	0.042968	0.000000	0.000000
dme-miR-2c-5p_MIMAT0020845	36.758710	41.030915	34.910971	39.895443	47.619607	33.376525
dme-miR-275-3p_MIMAT0000333	886.497544	549.705872	832.267916	529.060404	481.226531	373.777212
dme-miR-976-5p_MIMAT0020873	0.000000	0.000000	0.000000	0.000000	0.000000	0.000000
dme-miR-375-3p_MIMAT0005472	151.592918	123.484161	151.847554	166.456591	190.612163	110.030518
rr111468-1d-3p-miR	0.294070	0.270980	0.000000	0.300773	0.000000	0.284783
dme-miR-210-5p_MIMAT0020816	37.236573	16.202356	29.137096	17.269406	17.076809	20.352466
dme-miR-9b-5p_MIMAT0000395	846.969679	794.830024	811.171409	954.074697	1174.534682	825.841171
dme-miR-4955-3p_MIMAT0020172	0.196046	0.090327	0.053544	0.042968	0.000000	0.000000
dme-miR-9383-3p_MIMAT0035230	10.169910	10.568227	12.208131	11.730162	7.962319	6.094348
dme-miR-4916-3p_MIMAT0020509	1.813430	0.722614	1.445700	1.289029	0.678957	1.082174
dme-miR-92b-5p_MIMAT0020819	0.000000	0.000000	0.000000	0.000000	0.000000	0.000000
dme-miR-4971-5p_MIMAT0020198	0.490116	0.767777	0.321267	0.558579	0.678957	0.341739
rr68215-1a-5p-miR	0.000000	0.045163	0.053544	0.021484	0.000000	0.000000
dme-miR-10-5p_MIMAT0000115	4756.331952	3830.846769	4738.575353	4008.385568	3516.567578	5039.086384
rr126254-1a-5p-miR	0.000000	0.090327	0.053544	0.042968	0.000000	0.000000
rr413031-1a-5p-miR	0.000000	0.000000	0.000000	0.000000	0.000000	0.000000
dme-miR-10404-5p_MIMAT0041637_8	5.847293	5.898024	5.417291	5.707285	6.017075	5.640084
rr272671-1a-5p-miR	0.000000	0.000000	0.000000	0.000000	0.000000	0.000000
dme-miR-4909-3p_MIMAT0020515	0.098023	0.225817	0.160633	0.257806	0.123447	0.170870
dme-miR-263a-5p_MIMAT0000319	34897.753160	35349.260918	39977.845339	41987.464321	37282.454988	35273.277189
dme-miR-9383-5p_MIMAT0035229	0.000000	0.000000	0.000000	0.000000	0.123447	0.000000
dme-miR-9379-5p_MIMAT0035221	0.000000	0.000000	0.000000	0.000000	0.061723	0.000000
dme-miR-4964-3p_MIMAT0020187	0.294070	0.000000	0.053544	0.085935	0.123447	0.113913
dme-miR-4948-5p_MIMAT0020158	0.000000	0.000000	0.000000	0.000000	0.000000	0.000000
dme-miR-971-3p_MIMAT0005487	24.946911	23.349459	27.521839	19.851044	22.467320	29.503481
dme-miR-4969-3p_MIMAT0020196	0.000000	0.000000	0.000000	0.000000	0.000000	0.000000
dme-miR-283-3p_MIMAT0020810	2.744650	2.574312	2.944944	3.824119	3.209617	2.449131
dme-miR-3645-5p_MIMAT0018063	0.784186	0.948431	0.588989	0.751933	0.493787	0.740435
dme-miR-311-3p_MIMAT0000403	14.458426	11.245677	14.938897	18.132339	9.752298	6.834783
dme-miR-1017-3p_MIMAT0005030	11.076624	9.122999	9.691543	9.366943	6.727851	8.543479
rr753053-1b-5p-miR	0.147035	0.180653	0.053544	0.085935	0.185170	0.113913
rr884543-1b-5p-miR	598.609354	503.643031	586.329530	1040.271996	1065.815785	942.148183
rr940206-1a-3p-miR	0.000000	0.045163	0.000000	0.000000	0.061723	0.000000
dme-miR-4969-5p_MIMAT0020195	6.175463	3.974376	4.578049	4.726439	5.246489	5.069131
dme-miR-954-3p_MIMAT0020846	0.637151	0.722614	0.588989	0.644514	0.370340	0.740435
dme-miR-9377-5p_MIMAT0035217	0.098023	0.045163	0.053544	0.128903	0.127305	0.000000
dme-miR-274-5p_MIMAT0000332	11662.729835	8898.559975	11042.308067	4000.501009	5377.898593	10930.584160
rr817690-5b-5p-miR	598.758023	503.808630	586.510688	1040.470363	1065.943347	942.312407
dme-miR-992-5p_MIMAT0020891	0.000000	0.000000	0.000000	0.000000	0.000000	0.000000
dme-miR-962-5p_MIMAT0005476	0.392093	0.406470	0.053544	0.128903	0.123447	0.227826
dme-miR-4959-5p_MIMAT0020179	0.000000	0.000000	0.053544	0.000000	0.000000	0.000000
rr482594-1a-3p-miR	0.098023	0.316144	0.160633	0.042968	0.246894	0.341739
dme-miR-4949-3p_MIMAT0020161	0.000000	0.000000	0.053544	0.021484	0.061723	0.056957
rr794157-1a-3p-miR	68.643039	66.499987	81.460271	44.477292	69.125830	102.931701
dme-miR-9371-5p_MIMAT0035205	0.098023	0.045163	0.000000	0.128903	0.061723	0.170870
dme-miR-8-3p_MIMAT0000113	221374.181782	204162.991795	205897.652928	168110.028325	185687.026397	214316.107318
dme-miR-306-5p_MIMAT0000393	1300.719189	1369.669307	1366.239787	1373.417263	1706.158373	1456.435366
dme-miR-318-3p_MIMAT0000410	48.374462	24.173690	13.600286	27.778572	11.202798	10.366088
rr426499-1a-3p-miR	2.683386	1.253283	1.990068	1.027642	1.028723	1.784638
dme-miR-190-3p_MIMAT0020848	2.793662	1.196829	2.355955	2.019479	1.172745	1.594783
dme-miR-9388-5p_MIMAT0035238	0.000000	0.000000	0.000000	0.000000	0.000000	0.000000
dme-miR-4939-3p_MIMAT0020145	0.000000	0.000000	0.000000	0.000000	0.000000	0.000000
dme-miR-314-5p_MIMAT0020840	0.000000	0.090327	0.107089	0.000000	0.000000	0.056957
dme-miR-9377-3p_MIMAT0035218	0.049012	0.000000	0.000000	0.000000	0.000000	0.000000
dme-miR-958-3p_MIMAT0005471	0.147035	0.135490	0.321267	0.128903	0.123447	0.227826
dme-miR-968-3p_MIMAT0020865	0.000000	0.000000	0.053544	0.000000	0.000000	0.000000
dme-miR-1-3p_MIMAT0000105	677.855109	684.066876	670.804674	861.737264	843.820676	633.531016
rr498327-1a-3p-miR	0.049012	0.135490	0.107089	0.128903	0.123447	0.056957
dme-miR-932-3p_MIMAT0020860	76.948232	65.170733	76.193730	72.164131	58.328618	53.937832
rr72502-1d-3p-miR	3.773894	5.509930	4.872544	5.843597	6.110617	4.727392
dme-miR-4961-5p_MIMAT0020181	0.955726	0.821973	0.642533	0.708966	0.956713	0.640761
dme-miR-2c-3p_MIMAT0000411	181.486734	156.037913	175.764960	141.395722	153.626470	191.735607
rr261408-1b-3p-miR	0.000000	0.045163	0.107089	0.042968	0.061723	0.113913
dme-miR-927-5p_MIMAT0005501	5458.423304	4040.513165	4504.955631	4003.783736	3644.439957	4921.556589
dme-miR-997-3p_MIMAT0020897	0.000000	0.000000	0.000000	0.000000	0.000000	0.000000
rr474735-1a-5p-miR	0.343081	0.225817	0.187406	0.171871	0.061723	0.113913
rr791723-1a-3p-miR	0.049012	0.135490	0.160633	0.085935	0.370340	0.056957
rr534498-1a-5p-miR	0.422725	0.375985	0.302526	0.244915	0.310160	0.260576
dme-miR-87-3p_MIMAT0000361	15.879763	16.446991	16.491686	17.315954	13.085362	15.036523
rr315285-1a-5p-miR	0.049012	0.000000	0.000000	0.042968	0.000000	0.000000
dme-miR-4944-5p_MIMAT0020153	0.000000	0.000000	0.000000	0.000000	0.000000	0.000000
dme-miR-287-3p_MIMAT0000360	0.000000	0.000000	0.000000	0.000000	0.000000	0.000000
dme-miR-4986-3p_MIMAT0020224	5.440289	6.639014	6.264699	7.949011	6.419234	5.752609
rr309853-1a-3p-miR	0.294070	0.316144	0.240950	0.171871	0.123447	0.000000
dme-miR-92b-3p_MIMAT0000358	487.371476	438.333019	480.855793	425.121712	362.316390	259.380026
dme-miR-2281-3p_MIMAT0011789	0.000000	0.000000	0.000000	0.000000	0.000000	0.000000
dme-miR-4976-3p_MIMAT0020207	0.000000	0.045163	0.000000	0.042968	0.000000	0.000000
dme-miR-4967-3p_MIMAT0020193	0.049012	0.000000	0.000000	0.042968	0.000000	0.000000
rr603574-1d-3p-miR	0.392093	0.406470	0.535444	0.601547	0.246894	0.341739
dme-miR-9372-5p_MIMAT0035207	0.588139	0.090327	0.267722	0.386709	0.061723	0.113913
dme-miR-965-5p_MIMAT0020861	14.752495	13.052212	14.831808	15.983958	13.393979	16.688263
dme-miR-979-5p_MIMAT0020876	0.000000	0.000000	0.000000	0.000000	0.000000	0.000000
dme-miR-2a-3p_MIMAT0000106_1	1376.982075	1096.267620	1297.288834	1135.741828	1115.909792	1244.790605
dme-miR-977-3p_MIMAT0005493	0.098023	0.225817	0.053544	0.042968	0.061723	0.000000
dme-miR-4975-5p_MIMAT0020205	3.038720	2.619475	2.971716	3.695216	3.394787	3.161087
dme-miR-284-5p_MIMAT0020811	8376.378676	8495.446853	7976.773186	10618.933659	9615.179515	8532.486523
dme-miR-276b-3p_MIMAT0000354	45279.223166	44023.033158	44535.627909	41223.099375	46405.662221	43433.937261
rr817655-5b-5p-miR	598.758023	503.808630	586.510688	1040.470363	1065.943347	942.312407
dme-miR-981-5p_MIMAT0020878	292.109212	306.388254	305.685176	346.490953	293.021580	267.752636
dme-miR-9c-5p_MIMAT0000392	2358.602174	2567.785580	2284.607154	2752.828510	2811.223363	2298.480669
rr922319-1a-5p-miR	0.000000	0.000000	0.000000	0.000000	0.000000	0.000000
dme-miR-1013-3p_MIMAT0005026	84.928956	78.418652	83.761344	80.385271	87.307757	71.480442
dme-miR-4961-3p_MIMAT0020182	0.049012	0.971012	0.588989	0.601547	1.481362	0.398696
rr55592-1b-5p-miR	0.049012	0.225817	0.428355	0.171871	0.123447	0.284783
dme-miR-961-3p_MIMAT0020856	0.000000	0.090327	0.000000	0.000000	0.000000	0.000000
dme-miR-4972-3p_MIMAT0020200	0.735174	0.767777	0.481900	0.214838	0.308617	0.398696
dme-miR-4981-3p_MIMAT0020214	40.924697	43.131012	41.389848	44.235173	40.428831	41.407396
dme-miR-4951-3p_MIMAT0020165	0.196046	0.045163	0.000000	0.171871	0.061723	0.113913
dme-miR-964-3p_MIMAT0020859	0.049012	0.090327	0.053544	0.107419	0.000000	0.056957
rr795601-1a-5p-miR	0.000000	0.067745	0.053544	0.085935	0.277755	0.000000
dme-miR-9384-3p_MIMAT0035232	0.000000	0.000000	0.000000	0.000000	0.000000	0.000000
dme-miR-9378-3p_MIMAT0035220	0.000000	0.000000	0.000000	0.000000	0.000000	0.000000
rr249955-1a-5p-miR	0.049012	0.000000	0.000000	0.042968	0.000000	0.000000
dme-miR-10404-3p_MIMAT0041638_1	0.068072	0.031050	0.042592	0.035806	0.053236	0.042005
dme-miR-984-3p_MIMAT0020881	0.686163	0.316144	0.588989	0.773417	0.678957	0.512609
rr635885-1a-5p-miR	0.000000	0.045163	0.000000	0.000000	0.000000	0.113913
rr363371-1a-5p-miR	0.245058	0.135490	0.107089	0.085935	0.246894	0.227826
dme-miR-2496-3p_MIMAT0012207	0.000000	0.000000	0.053544	0.000000	0.000000	0.000000
dme-miR-4945-5p_MIMAT0020155	0.000000	0.022582	0.000000	0.007161	0.000000	0.000000
dme-miR-4919-5p_MIMAT0020513	0.245058	0.045163	0.053544	0.128903	0.000000	0.000000
dme-miR-4914-5p_MIMAT0020507	0.049012	0.045163	0.000000	0.000000	0.000000	0.000000
dme-miR-986-5p_MIMAT0005503	1633.508039	1957.538220	1617.737996	1765.002741	1821.766312	1811.901055
dme-miR-312-5p_MIMAT0020838	0.269564	0.519379	0.642533	0.451160	0.555511	0.227826
dme-miR-999-3p_MIMAT0005519	36101.120699	40682.095968	40040.179984	46580.496593	48200.486267	34100.556525
rr306431-1a-3p-miR	1.127267	1.083921	0.856711	0.945288	1.481362	1.537826
rr817694-3b-3p-miR	8.936684	8.605449	9.493556	9.989360	9.287609	7.198763
dme-miR-4912-5p_MIMAT0020505	0.000000	0.045163	0.000000	0.085935	0.061723	0.113913
dme-miR-4950-5p_MIMAT0020162	0.000000	0.000000	0.000000	0.000000	0.000000	0.000000
rr243871-1a-3p-miR	0.000000	0.000000	0.000000	0.000000	0.000000	0.000000
dme-miR-3-5p_MIMAT0020784	0.000000	0.000000	0.000000	0.000000	0.000000	0.000000
dme-miR-4918-5p_MIMAT0020512	0.000000	0.000000	0.000000	0.000000	0.000000	0.000000
rr776664-1a-3p-miR	0.098023	0.180653	0.053544	0.214838	0.061723	0.000000
rr139215-1a-3p-miR	0.490116	0.270980	0.214178	0.343741	0.246894	0.170870
dme-miR-252-5p_MIMAT0005516	2683.189748	2866.292827	2722.680943	3301.009508	2709.132850	2502.014821
dme-miR-4958-5p_MIMAT0020177	0.245058	0.270980	0.160633	0.386709	0.123447	0.113913
dme-miR-4951-5p_MIMAT0020164	38.229058	38.208205	37.213382	37.081063	42.280533	30.870438
dme-miR-976-3p_MIMAT0005492	1.421337	0.993594	1.874055	0.730450	1.234468	1.253044
rr514885-1a-5p-miR	0.049012	0.000000	0.000000	0.000000	0.000000	0.000000
rr817694-3b-5p-miR	598.758023	503.763467	586.510688	1040.398751	1065.871336	942.293422
dme-miR-4966-5p_MIMAT0020190	0.049012	0.045163	0.080317	0.021484	0.061723	0.000000
rr86559-1a-3p-miR	0.000000	0.045163	0.000000	0.000000	0.000000	0.000000
dme-miR-279-5p_MIMAT0020807	0.784186	0.135490	0.535444	0.171871	0.432064	0.170870
dme-miR-307b-5p_MIMAT0012194	0.000000	0.000000	0.000000	0.000000	0.000000	0.000000
dme-miR-4908-3p_MIMAT0020514	0.000000	0.000000	0.000000	0.000000	0.000000	0.000000
dme-miR-281-2-5p_MIMAT0000349	2794.666661	3257.836602	3118.427858	3983.829569	3125.488081	2633.926139
rr529174-1a-5p-miR	5.587324	5.765856	5.666786	8.722428	7.139341	5.771595
dme-miR-991-3p_MIMAT0005509	0.833197	1.806535	0.535444	2.019479	2.036872	1.139131
dme-miR-284-3p_MIMAT0000348	11.909822	10.523064	13.493197	9.667716	7.468532	14.239132
rr1122500-1a-5p-miR	0.000000	0.225817	0.214178	0.214838	0.246894	0.000000
dme-miR-1016-5p_MIMAT0020908	1.127267	1.129084	1.392155	1.246061	1.357915	1.025217
dme-miR-1008-5p_MIMAT0032028	21.761156	21.362271	22.194168	23.374390	25.152288	21.728915
dme-miR-4973-3p_MIMAT0020202	0.000000	0.000000	0.000000	0.000000	0.000000	0.000000
dme-miR-1012-5p_MIMAT0020906	199.575287	240.743306	230.830057	281.437964	253.343718	228.993719
dme-miR-990-3p_MIMAT0020889	0.000000	0.000000	0.053544	0.000000	0.123447	0.056957
dme-miR-993-3p_MIMAT0005512	631.122536	590.736787	590.113211	576.797439	507.675010	523.202662
dme-miR-311-5p_MIMAT0020837	0.000000	0.361307	0.321267	0.171871	0.370340	0.227826
dme-miR-11-5p_MIMAT0020793	1878.149504	1891.667455	1901.255776	1863.463061	1643.447393	1975.394767
dme-miR-iab-4-3p_MIMAT0000413	0.000000	0.000000	0.000000	0.000000	0.000000	0.000000
dme-miR-4978-5p_MIMAT0020210	0.049012	0.045163	0.053544	0.000000	0.061723	0.000000
dme-miR-972-5p_MIMAT0020869	0.000000	0.000000	0.000000	0.000000	0.000000	0.000000
rr105567-1a-3p-miR	0.343081	0.225817	0.160633	0.171871	0.432064	0.313261
rr201237-3a-5p-miR	0.000000	0.000000	0.000000	0.000000	0.000000	0.000000
rr901626-1a-5p-miR	0.024506	0.045163	0.000000	0.010742	0.082298	0.000000
dme-miR-2495-5p_MIMAT0012204	0.000000	0.000000	0.053544	0.042968	0.123447	0.170870
dme-miR-4984-3p_MIMAT0020220	0.588139	0.767777	0.428355	0.558579	0.678957	0.227826
rr325173-1a-5p-miR	0.000000	0.000000	0.000000	0.000000	0.000000	0.000000
dme-miR-6-1-5p_MIMAT0020787	0.000000	0.045163	0.000000	0.000000	0.061723	0.170870
rr594676-1b-3p-miR	0.098023	0.406470	0.053544	0.214838	0.123447	0.113913
rr269542-1a-3p-miR	2.001308	1.415119	1.791061	1.397369	1.850967	1.514637
dme-miR-304-5p_MIMAT0000390	33.303391	26.932419	45.137958	20.667429	23.676070	33.281598
rr446445-3a-3p-miR	0.881312	0.632932	0.400946	0.611507	0.674674	0.325466
dme-miR-967-3p_MIMAT0020863	0.294070	0.135490	0.642533	0.386709	0.246894	0.341739
dme-miR-974-5p_MIMAT0005490	0.196046	0.135490	0.000000	0.515612	0.185170	0.113913
dme-miR-133-5p_MIMAT0020806	37.199814	34.640299	35.981860	29.089084	31.911001	34.572612
dme-miR-4943-5p_MIMAT0020151	0.008169	0.000000	0.374811	0.042968	0.000000	0.056957
rr900379-1a-5p-miR	0.651154	0.707559	0.631059	0.705488	0.775951	0.623810
dme-miR-4955-5p_MIMAT0020171	0.000000	0.270980	0.000000	0.000000	0.000000	0.000000
dme-miR-304-3p_MIMAT0020826	9.067148	8.897182	8.620654	7.719851	7.283362	8.942175
dme-miR-4970-5p_MIMAT0020197	0.000000	0.000000	0.000000	0.000000	0.000000	0.000000
dme-miR-1009-3p_MIMAT0005022	20.405168	17.229823	18.687008	19.550271	23.516617	17.713480
dme-miR-9376-5p_MIMAT0035215	0.000000	0.090327	0.000000	0.000000	0.000000	0.000000
dme-miR-4962-5p_MIMAT0020183	0.098023	0.045163	0.026772	0.093097	0.061723	0.056957
dme-miR-281-3p_MIMAT0000345	170.756459	147.842268	168.209841	149.119153	164.276844	135.186318
dme-miR-960-3p_MIMAT0020855	0.000000	0.000000	0.000000	0.042968	0.000000	0.056957
dme-miR-308-3p_MIMAT0000399	242.656494	196.415465	246.250854	156.896294	208.007876	219.852196
dme-miR-961-5p_MIMAT0005475	0.098023	0.225817	0.428355	0.128903	0.308617	0.455652
dme-miR-307b-3p_MIMAT0012195	0.049012	0.000000	0.107089	0.085935	0.061723	0.000000
dme-miR-219-3p_MIMAT0020803	3.871917	3.793722	4.122921	3.007734	2.468936	4.442609
dme-miR-13a-5p_MIMAT0020795	2.303546	1.445228	1.927600	2.492122	2.965407	1.537826
dme-miR-9b-3p_MIMAT0020829	57.564139	41.550294	53.089307	31.839012	36.416809	48.868701
dme-miR-10404-5p_MIMAT0041637	5.847293	5.898024	5.417291	5.707285	6.017075	5.640084
dme-miR-929-5p_MIMAT0020892	526.580767	421.148359	533.141933	386.794588	482.491860	510.786139
dme-miR-283-5p_MIMAT0000347	599.902139	543.563654	578.601158	530.177562	611.740671	570.761363
dme-miR-984-5p_MIMAT0005500	0.392093	0.632287	0.374811	0.429676	0.370340	0.113913
dme-miR-9388-3p_MIMAT0035239	0.039209	0.040236	0.000000	0.010742	0.047954	0.056957
rr1098852-1a-5p-miR	0.049012	0.180653	0.107089	0.171871	0.061723	0.056957
rr626972-1a-3p-miR	3.384104	4.568000	2.852520	4.948356	3.618862	1.662527
dme-miR-4910-5p_MIMAT0020503	0.000000	0.090327	0.053544	0.000000	0.000000	0.000000
dme-miR-9382-5p_MIMAT0035227	1.176279	0.316144	0.749622	0.386709	0.370340	0.227826
dme-miR-978-5p_MIMAT0020875	0.049012	0.000000	0.000000	0.000000	0.000000	0.000000
rr627154-1a-5p-miR	0.000000	0.000000	0.000000	0.042968	0.185170	0.000000
dme-miR-974-3p_MIMAT0020871	0.000000	0.000000	0.000000	0.000000	0.000000	0.000000
dme-miR-9381-3p_MIMAT0035226	2.205523	1.219411	1.766966	1.546835	1.543085	1.253044
rr505492-1a-3p-miR	2.058488	1.806535	2.409500	2.105414	2.345489	2.107392
dme-miR-4940-5p_MIMAT0020146	6.959649	7.993915	7.228499	7.777141	9.937468	7.518262
dme-miR-4949-5p_MIMAT0020160	0.077602	0.015054	0.214178	0.171871	0.016460	0.113913
dme-miR-1012-3p_MIMAT0005025	68.640764	66.525634	67.653393	71.261811	61.599959	74.926312
dme-miR-1000-3p_MIMAT0020900	17.252088	17.591130	18.017702	20.259237	23.393171	10.480001
rr196830-1a-5p-miR	7.131190	8.400386	9.343504	6.788885	8.085766	6.208262
dme-miR-4954-5p_MIMAT0020169	0.000000	0.000000	0.000000	0.000000	0.000000	0.000000
dme-miR-2501-3p_MIMAT0012217	0.000000	0.000000	0.107089	0.042968	0.000000	0.000000
dme-miR-983-5p_MIMAT0005499	0.661657	1.445228	1.258294	0.902320	1.265330	1.224565
dme-miR-263b-5p_MIMAT0000362	95.883052	75.031400	128.435250	141.392141	142.087279	71.765225
dme-miR-2280-5p_MIMAT0011786	0.000000	0.000000	0.000000	0.000000	0.000000	0.000000
dme-miR-3643-3p_MIMAT0018060	0.000000	0.000000	0.000000	0.000000	0.061723	0.000000
dme-miR-982-3p_MIMAT0020879	0.147035	0.090327	0.107089	0.042968	0.000000	0.056957
rr901627-1a-5p-miR	0.024506	0.045163	0.053544	0.010742	0.082298	0.000000
rr780129-1a-3p-miR	0.147035	0.270980	0.321267	0.257806	0.308617	0.284783
dme-miR-989-3p_MIMAT0005506	0.563634	0.587124	0.749622	0.687482	0.617234	0.512609
dme-miR-4957-5p_MIMAT0020175	0.392093	0.135490	0.071393	0.085935	0.000000	0.113913
dme-miR-4987-5p_MIMAT0020225	0.000000	0.000000	0.374811	0.000000	0.000000	0.000000
rr525331-1a-5p-miR	0.000000	0.000000	0.000000	0.000000	0.000000	0.000000
rr272671-1a-3p-miR	0.196046	0.135490	0.107089	0.171871	0.123447	0.056957
rr676198-1a-3p-miR	0.000000	0.045163	0.000000	0.000000	0.000000	0.000000
dme-miR-4-3p_MIMAT0000109	0.539128	0.180653	0.214178	0.343741	0.493787	0.569565
dme-miR-9381-5p_MIMAT0035225	1.470348	1.354901	0.428355	1.460899	0.740681	0.569565
dme-miR-iab-4-5p_MIMAT0000412	0.441105	0.406470	0.428355	0.085935	0.432064	0.569565
rr817650-3a-5p-miR	598.878918	503.760456	586.482131	1040.470363	1065.949519	942.357972
dme-miR-278-3p_MIMAT0000339	5651.651587	4890.040537	5468.841121	3936.994855	4586.079886	5465.007297
rr505492-1a-5p-miR	0.000000	0.045163	0.107089	0.128903	0.000000	0.056957
rr117045-1a-5p-miR	0.098023	0.045163	0.107089	0.042968	0.123447	0.056957
rr23497-1a-5p-miR	0.240157	0.338725	0.410507	0.429676	0.182084	0.364522
dme-miR-4985-5p_MIMAT0020221	2.303546	2.167841	2.088233	2.406187	2.654106	1.537826
dme-miR-4917-3p_MIMAT0020511	0.000000	0.000000	0.000000	0.000000	0.000000	0.000000
rr72502-1d-5p-miR	0.000000	0.000000	0.000000	0.000000	0.000000	0.000000
rr940206-1a-5p-miR	0.049012	0.135490	0.107089	0.128903	0.061723	0.000000
rr86559-1a-5p-miR	0.000000	0.090327	0.000000	0.128903	0.000000	0.056957
dme-miR-958-5p_MIMAT0020852	0.049012	0.135490	0.749622	0.000000	0.061723	0.170870
rr109208-1a-3p-miR	0.098023	0.180653	0.214178	0.085935	0.123447	0.000000
dme-let-7-3p_MIMAT0020830	19.335081	12.442506	17.669663	12.503580	17.251692	15.150436
dme-miR-2b-2-5p_MIMAT0020783	313.115355	294.530721	311.673866	377.118687	457.418931	263.881626
dme-miR-7-3p_MIMAT0020790	13.723252	12.239271	13.546742	13.405900	13.424841	11.562175
dme-miR-276a-5p_MIMAT0000336	124.955107	105.208054	131.210636	80.585786	79.489459	134.265521
dme-miR-4967-5p_MIMAT0020192	0.098023	0.000000	0.000000	0.000000	0.000000	0.000000
rr432755-1a-5p-miR	0.049012	0.000000	0.053544	0.000000	0.000000	0.000000
dme-miR-3643-5p_MIMAT0018059	0.000000	0.000000	0.000000	0.000000	0.000000	0.000000
dme-miR-2279-5p_MIMAT0011784	0.716503	0.752723	0.684604	0.759197	0.811957	0.661781
dme-miR-6-3p_MIMAT0000111	5.174809	4.501282	5.211658	5.814952	7.694851	3.778116
dme-miR-4976-5p_MIMAT0020206	4.901161	3.793722	4.497732	3.158121	3.240479	4.926740
dme-miR-31b-3p_MIMAT0020825	0.000000	0.000000	0.000000	0.000000	0.000000	0.000000
rr782755-1a-3p-miR	0.245058	0.045163	0.160633	0.000000	0.370340	0.056957
dme-miR-983-3p_MIMAT0020880_1	0.000000	0.000000	0.133861	0.064451	0.000000	0.056957
rr398966-1b-5p-miR	0.000000	0.000000	0.000000	0.000000	0.000000	0.000000
dme-miR-4911-3p_MIMAT0020504	0.000000	0.000000	0.000000	0.000000	0.000000	0.000000
dme-miR-973-3p_MIMAT0020870	0.490116	0.316144	0.321267	0.128903	0.061723	0.227826
dme-miR-307a-5p_MIMAT0020832	5.587324	4.471173	5.113493	2.621025	4.567532	4.955218
rr398966-1b-3p-miR	0.121362	0.112908	0.107089	0.128903	0.154309	0.389203
dme-miR-9384-5p_MIMAT0035231	0.000000	0.000000	0.000000	0.000000	0.000000	0.000000
dme-miR-2a-1-5p_MIMAT0020780	11.375362	10.611240	11.878578	15.410033	17.855699	10.681383
dme-miR-955-5p_MIMAT0005466	0.147035	0.270980	0.000000	0.000000	0.000000	0.056957
dme-miR-967-5p_MIMAT0005482	2.058488	1.987188	2.463044	1.675737	1.789979	2.676957
rr922319-1a-3p-miR	2.744650	2.258168	2.944944	2.406187	2.839277	2.904783
dme-miR-310-3p_MIMAT0000402	0.735174	0.767777	1.124433	1.031223	0.493787	0.854348
dme-miR-2493-3p_MIMAT0012201	0.000000	0.000000	0.000000	0.000000	0.000000	0.000000
dme-miR-281-3p_MIMAT0000345_1	168.795994	145.267957	166.121608	147.013739	162.301695	132.737187
dme-miR-276a-3p_MIMAT0000337	46320.074616	45296.210940	45610.693062	42941.525207	47949.642347	44445.855408
dme-miR-994-5p_MIMAT0005513	5.440289	1.174247	1.338611	1.417932	1.111021	0.740435
dme-miR-4946-5p_MIMAT0020156	0.000000	0.000000	0.000000	0.000000	0.000000	0.000000
dme-miR-288-3p_MIMAT0000363	0.000000	0.000000	0.000000	0.000000	0.000000	0.000000
dme-miR-969-3p_MIMAT0020866	10.439473	13.232865	15.474342	14.222285	15.739468	12.131740
dme-miR-4953-3p_MIMAT0020168	0.098023	0.000000	0.000000	0.042968	0.061723	0.000000
dme-miR-13b-1-5p_MIMAT0020796	33.009321	24.486070	30.453397	23.632195	30.923426	32.000076
dme-miR-987-3p_MIMAT0020885	3.626859	3.342089	3.748110	3.179604	2.715830	3.873044
dme-miR-4943-3p_MIMAT0020152	0.049012	0.045163	0.000000	0.000000	0.000000	0.000000
dme-miR-4942-3p_MIMAT0020150	0.171541	0.240871	0.258798	0.071613	0.113160	0.075942
rr129188-1a-5p-miR	0.098023	0.000000	0.000000	0.000000	0.000000	0.000000
rr742469-1a-3p-miR	0.147035	0.135490	0.107089	0.343741	0.132264	0.065093
dme-miR-9380-3p_MIMAT0035224	0.000000	0.000000	0.000000	0.000000	0.000000	0.000000
dme-miR-4974-3p_MIMAT0020204	0.008420	0.000000	0.021418	0.048697	0.023566	0.000000
dme-miR-996-3p_MIMAT0005515	2106.870363	2010.560008	2172.502956	1677.878714	1926.428633	2100.784562
dme-miR-985-3p_MIMAT0005502	0.171541	0.022582	0.000000	0.107419	0.061723	0.056957
rr242803-1a-3p-miR	0.049012	0.045163	0.053544	0.042968	0.000000	0.000000
rr645045-1a-5p-miR	1.666395	1.354901	2.088233	2.535090	2.098596	1.423913
dme-miR-2489-5p_MIMAT0020910	0.000000	0.000000	0.000000	0.000000	0.000000	0.000000
dme-miR-79-3p_MIMAT0000352	10.929590	8.806856	13.439653	8.679461	12.961915	10.821740
dme-miR-3644-3p_MIMAT0018062	0.000000	0.045163	0.107089	0.042968	0.061723	0.056957
dme-miR-981-3p_MIMAT0005497	5765.502345	4767.284008	6361.646969	4689.820645	4746.327563	5318.078442
rr622889-1a-5p-miR	1.266133	2.122678	1.704498	2.341736	1.666532	1.594783
dme-miR-315-5p_MIMAT0000407	6299.625949	6830.676369	6585.943118	7505.352525	8109.791948	5866.508099
dme-miR-4974-5p_MIMAT0020203	0.000000	0.045163	0.107089	0.085935	0.061723	0.227826
dme-miR-14-3p_MIMAT0000120	63918.370420	49270.937824	46088.838186	43782.917231	36602.995120	50739.247347
dme-miR-1002-3p_MIMAT0020864	0.147035	0.045163	0.588989	0.214838	0.061723	0.113913
rr498327-1a-5p-miR	0.000000	0.045163	0.107089	0.042968	0.061723	0.056957
rr488204-1a-5p-miR	0.000000	0.000000	0.000000	0.000000	0.000000	0.000000
dme-miR-4948-3p_MIMAT0020159	0.000000	0.000000	0.000000	0.000000	0.000000	0.000000
dme-miR-4-5p_MIMAT0020785	0.147035	0.316144	0.267722	0.386709	0.370340	0.113913
