#mirID	0	4	8	12	16	20
dme-miR-125-5p_MIMAT0000397	1912.858734	2779.349348	2855.855485	2087.340395	1653.622853	1951.518897
dme-miR-929-3p_MIMAT0005511	91.898382	77.023785	78.890204	84.851545	90.548258	87.439045
dme-miR-9370-3p_MIMAT0035204	0.000000	0.000000	0.000000	0.000000	0.000000	0.000000
dme-miR-10404-3p_MIMAT0041638_2	0.037685	0.039317	0.024163	0.051740	0.034149	0.035100
dme-miR-2491-5p_MIMAT0012198	0.000000	0.000000	0.033456	0.000000	0.000000	0.000000
dme-miR-iab-8-5p_MIMAT0005463	0.078646	0.034355	0.133826	0.038101	0.000000	0.038401
dme-miR-9c-3p_MIMAT0020828	0.314586	0.343549	0.317836	0.457215	0.329266	0.307208
dme-miR-137-5p_MIMAT0020888	10.184716	9.653739	11.609373	8.801395	6.914594	10.099459
dme-miR-2a-3p_MIMAT0000106	1215.992160	1394.199220	1515.178702	1302.508687	1154.293507	1219.967958
dme-miR-305-5p_MIMAT0000391	2702.606771	2390.159362	2756.038300	2620.809083	2496.850562	2485.042993
dme-miR-13b-3p_MIMAT0000119	343.968135	352.833867	347.720784	415.923072	373.721274	385.435174
rr733586-1a-3p-miR	0.157293	0.034355	0.167282	0.114304	0.094076	0.230406
dme-miR-2500-5p_MIMAT0012214	2.280747	2.301781	2.341948	3.048102	2.257827	2.956876
dme-miR-4952-3p_MIMAT0020167	1.690899	3.023235	3.245271	2.400380	3.151550	3.225683
dme-miR-4977-3p_MIMAT0020209	0.000000	0.034355	0.000000	0.000000	0.000000	0.000000
dme-miR-5-5p_MIMAT0000110	6.684949	6.458730	5.838143	8.039370	7.479051	7.718598
dme-miR-3645-3p_MIMAT0018064	0.196616	0.274840	0.234195	0.076203	0.235190	0.153604
dme-miR-10404-3p_MIMAT0041638_4	0.037685	0.039317	0.024163	0.051740	0.034149	0.035100
rr901627-1a-3p-miR	0.363740	0.214718	0.153342	0.200032	0.286148	0.339209
dme-miR-2282-3p_MIMAT0011790	0.275263	0.377904	0.401477	0.228608	0.094076	0.230406
rr627154-1a-3p-miR	0.924096	1.872344	1.321528	1.181140	1.003479	1.132829
dme-miR-965-3p_MIMAT0005480	24.301755	23.567492	24.389719	25.756464	17.027776	20.698131
dme-miR-4979-5p_MIMAT0020211	0.000000	0.000000	0.000000	0.000000	0.000000	0.000000
dme-miR-3-3p_MIMAT0000108	1.376313	1.236778	0.769497	1.333545	1.458180	1.267233
rr567113-1a-5p-miR	0.421320	0.397536	0.520964	0.428021	0.442891	0.482755
dme-miR-277-3p_MIMAT0000338	27981.051953	25543.759952	28001.940636	27373.100899	30027.048700	28694.810223
dme-miR-9373-5p_MIMAT0035209	0.000000	0.000000	0.000000	0.000000	0.000000	0.000000
dme-miR-184-5p_MIMAT0000330	4.915403	4.740982	9.033229	6.896331	4.797882	4.224108
dme-miR-6-3p_MIMAT0000111_2	1.953054	1.574602	1.672820	2.019368	1.818805	1.740845
dme-miR-6-3p_MIMAT0000111_1	1.953054	1.557424	1.672820	2.019368	1.818805	1.740845
dme-miR-9382-3p_MIMAT0035228	0.000000	0.034355	0.100369	0.000000	0.000000	0.076802
dme-miR-2495-3p_MIMAT0012205	0.000000	0.000000	0.000000	0.000000	0.000000	0.000000
dme-miR-279-3p_MIMAT0000341	2082.912031	1630.039042	1752.546879	1773.233462	1422.901189	1599.324256
dme-miR-33-3p_MIMAT0020808	8.533140	13.879397	16.092531	19.203044	15.099216	18.547676
dme-miR-1007-5p_MIMAT0020904	0.589848	0.790164	1.070605	0.876329	0.799647	1.075228
dme-miR-1004-3p_MIMAT0005017	9.948777	9.258657	12.663249	9.449117	8.513888	6.720173
dme-miR-979-3p_MIMAT0005495	0.157293	0.274840	0.334564	0.152405	0.094076	0.192005
dme-miR-993-5p_MIMAT0020893	78.174576	76.886365	81.767455	81.803443	83.351435	82.792525
dme-miR-34-3p_MIMAT0020812	740.128678	950.664293	976.157538	787.185097	634.355221	714.066331
dme-miR-4941-3p_MIMAT0020149	0.000000	0.000000	0.000000	0.000000	0.000000	0.000000
rr194477-1a-5p-miR	0.314586	0.309194	0.167282	0.190506	0.376304	0.422411
dme-miR-1008-3p_MIMAT0005021	0.668495	0.515324	0.802954	0.609620	0.329266	0.806421
dme-miR-31a-5p_MIMAT0000400	3814.562780	4153.461232	3728.526785	3614.877767	4076.176806	3989.907225
dme-miR-998-3p_MIMAT0005518	42.587055	77.264270	67.247375	43.130646	41.017185	42.625094
dme-miR-6-2-5p_MIMAT0020788	0.039323	0.068710	0.000000	0.000000	0.000000	0.000000
dme-miR-219-5p_MIMAT0000335	34.604440	41.809967	49.281285	49.341155	38.806396	46.119584
rr724257-1a-3p-miR	0.314586	0.103065	0.267651	0.038101	0.141114	0.384010
rr266290-1a-3p-miR	0.117970	0.274840	0.334564	0.076203	0.094076	0.153604
rr765733-1b-3p-miR	0.000000	0.000000	0.000000	0.000000	0.000000	0.000000
rr373604-1a-5p-miR	0.117970	0.515324	0.301108	0.381013	0.235190	0.115203
dme-miR-975-5p_MIMAT0005491	0.117970	0.103065	0.000000	0.114304	0.000000	0.076802
dme-miR-966-3p_MIMAT0020862	0.000000	0.068710	0.066913	0.000000	0.000000	0.076802
rr126254-1a-3p-miR	0.157293	0.240485	0.100369	0.114304	0.282228	0.153604
rr724257-1a-5p-miR	0.000000	0.000000	0.000000	0.000000	0.000000	0.000000
rr1083056-1a-5p-miR	0.000000	0.000000	0.033456	0.000000	0.000000	0.000000
rr271302-1a-3p-miR	0.000000	0.000000	0.033456	0.000000	0.000000	0.000000
dme-miR-13b-3p_MIMAT0000119_1	343.968135	352.833867	347.720784	415.846870	373.721274	385.435174
dme-miR-970-3p_MIMAT0005486	6277.009494	6376.163143	6187.098609	6510.854278	7326.114481	6298.203281
rr641508-1a-3p-miR	0.000000	0.000000	0.033456	0.000000	0.094076	0.000000
dme-miR-4980-3p_MIMAT0020213	0.000000	0.000000	0.000000	0.000000	0.000000	0.000000
dme-miR-954-5p_MIMAT0005465	1.533606	1.408553	1.806646	1.638355	3.480816	1.344035
dme-miR-987-5p_MIMAT0005504	9647.554052	9528.412508	7420.245948	8985.608463	8743.998278	9343.011044
dme-miR-1003-3p_MIMAT0005016	4.364878	5.651388	7.577876	6.020002	4.492134	5.664145
dme-miR-4913-3p_MIMAT0020506	1.651576	1.906699	1.773189	1.638355	1.834484	1.843247
dme-miR-4972-5p_MIMAT0020199	0.078646	0.068710	0.066913	0.000000	0.000000	0.038401
dme-miR-969-5p_MIMAT0005485	0.314586	0.103065	0.301108	0.114304	0.047038	0.230406
dme-miR-1-5p_MIMAT0020779	0.117970	0.343549	0.234195	0.381013	0.117595	0.422411
dme-let-7-5p_MIMAT0000396	24417.443456	24519.169545	26452.607963	26612.167583	26418.359612	24411.602669
dme-miR-980-5p_MIMAT0020877	13.854884	18.362718	19.203977	18.536272	18.180209	19.162092
dme-miR-1016-3p_MIMAT0005029	0.786465	1.236778	0.970236	1.485950	0.846685	0.806421
rr753053-1b-3p-miR	0.000000	0.000000	0.033456	0.000000	0.000000	0.000000
rr347030-1b-5p-miR	0.432556	0.515324	0.635672	0.419114	1.222989	1.036827
dme-miR-994-3p_MIMAT0020894	0.000000	0.000000	0.234195	0.000000	0.000000	0.000000
dme-miR-4960-3p_MIMAT0020180	1.887515	2.164361	2.040841	1.981266	1.928560	2.150455
dme-miR-2498-5p_MIMAT0012210	0.000000	0.000000	0.000000	0.000000	0.000000	0.000000
dme-miR-263a-3p_MIMAT0020799	35.076319	35.488657	56.574781	58.485461	46.779347	39.783421
dme-miR-962-3p_MIMAT0020857	0.000000	0.000000	0.000000	0.000000	0.000000	0.000000
rr432755-1a-3p-miR	46.322762	47.289581	44.497019	43.511659	45.360365	44.353139
rr68215-1a-3p-miR	0.786465	0.996293	0.769497	0.876329	0.658533	0.499213
dme-miR-2b-1-5p_MIMAT0020782	18.639210	22.846038	22.750356	20.384184	20.179326	18.240468
dme-miR-274-3p_MIMAT0020800	0.550525	0.618389	0.769497	0.685823	0.799647	0.556814
dme-miR-4968-3p_MIMAT0032118	0.001063	0.002925	0.000000	0.001361	0.000000	0.001371
dme-miR-983-3p_MIMAT0020880	0.098308	0.017177	0.016728	0.000000	0.000000	0.000000
dme-miR-932-5p_MIMAT0005479	590.674198	629.073385	727.108057	660.904762	623.254240	683.345542
rr139215-1a-5p-miR	0.196616	0.000000	0.066913	0.000000	0.047038	0.000000
dme-miR-2499-5p_MIMAT0012212	0.000000	0.000000	0.000000	0.038101	0.000000	0.000000
dme-miR-1014-5p_MIMAT0020907	0.039323	0.000000	0.000000	0.000000	0.000000	0.000000
dme-miR-1001-5p_MIMAT0005521	134.917993	109.420498	116.863224	123.962507	116.560302	124.111986
rr446444-1d-5p-miR	0.000000	0.002791	0.000000	0.000000	0.005021	0.004311
dme-miR-4957-3p_MIMAT0020176	0.275263	0.309194	0.368020	0.266709	0.282228	0.307208
rr817655-5b-3p-miR	2.201199	2.187919	2.303235	2.068718	1.927888	1.921695
dme-miR-375-5p_MIMAT0020853	0.511202	1.339843	0.836410	1.066836	0.658533	0.537614
dme-miR-10404-5p_MIMAT0041637_9	5.470863	4.808741	4.968764	5.843405	6.409719	5.977528
dme-miR-2491-3p_MIMAT0020912	0.000000	0.000000	0.000000	0.000000	0.000000	0.000000
rr315285-1a-3p-miR	0.157293	0.274840	0.334564	0.381013	0.376304	0.153604
dme-miR-2b-3p_MIMAT0000107_1	973.898711	1065.808896	1186.820812	1043.756560	971.538901	997.501447
dme-miR-10404-5p_MIMAT0041637_3	5.470863	4.808741	4.968764	5.843405	6.409719	5.977528
dme-miR-10404-5p_MIMAT0041637_2	5.470863	4.808741	4.968764	5.843405	6.409719	5.977528
dme-miR-10404-5p_MIMAT0041637_1	5.470863	4.808741	4.968764	5.843405	6.409719	5.977528
dme-miR-10404-5p_MIMAT0041637_7	5.470863	4.808741	4.968764	5.843405	6.409719	5.977528
dme-miR-10404-5p_MIMAT0041637_6	5.470863	4.808741	4.968764	5.843405	6.409719	5.977528
dme-miR-10404-5p_MIMAT0041637_5	5.470863	4.808741	4.968764	5.843405	6.409719	5.977528
dme-miR-10404-5p_MIMAT0041637_4	5.470863	4.808741	4.968764	5.843405	6.409719	5.977528
dme-miR-2494-3p_MIMAT0012203	0.000000	0.000000	0.000000	0.000000	0.000000	0.000000
dme-miR-263b-3p_MIMAT0020822	0.039323	0.171775	0.100369	0.038101	0.047038	0.057601
dme-miR-13a-3p_MIMAT0000118	320.688784	340.036650	332.486968	384.654624	344.479282	363.290606
rr309853-1a-5p-miR	0.117970	0.137420	0.066913	0.190506	0.047038	0.192005
dme-miR-313-5p_MIMAT0020839	0.157293	0.171775	0.133826	0.190506	0.188152	0.268807
rr593300-1b-5p-miR	0.157293	0.068710	0.033456	0.190506	0.188152	0.153604
dme-miR-9379-3p_MIMAT0035222	1.415636	1.271133	1.070605	0.914431	1.364104	1.190431
rr129188-1a-3p-miR	0.314586	0.377904	0.635672	0.381013	0.329266	0.384010
dme-miR-968-5p_MIMAT0005484	0.471879	0.377904	0.401477	0.762026	0.658533	0.921624
dme-miR-210-3p_MIMAT0000355	35022.524649	36521.097962	37303.791547	35878.195099	34627.452878	35638.918085
dme-miR-997-5p_MIMAT0005517	0.000000	0.000000	0.000000	0.000000	0.000000	0.000000
dme-miR-4963-5p_MIMAT0020185	0.000000	0.000000	0.000000	0.000000	0.000000	0.000000
dme-miR-927-3p_MIMAT0020882	879.503304	917.534675	873.613655	975.805472	1008.801665	987.922961
dme-miR-4963-3p_MIMAT0020186	0.747141	0.377904	0.568759	0.419114	0.705571	0.576015
rr405314-1a-3p-miR	0.196616	0.206130	0.200738	0.190506	0.188152	0.115203
dme-miR-2b-3p_MIMAT0000107	976.012334	1068.419872	1188.925778	1046.328396	973.949601	999.632702
rr279401-1a-3p-miR	0.039323	0.000000	0.033456	0.000000	0.000000	0.000000
dme-miR-9371-3p_MIMAT0035206	0.275263	0.137420	0.100369	0.038101	0.094076	0.038401
dme-miR-317-3p_MIMAT0000409	3377.157414	3963.478390	3559.544058	3154.957245	2599.299447	2972.601109
rr844464-1a-3p-miR	0.196616	0.171775	0.033456	0.076203	0.282228	0.192005
dme-miR-1005-3p_MIMAT0005018	1.507390	0.744357	1.806646	1.790760	1.614973	1.254432
dme-miR-12-5p_MIMAT0000117	929.974666	872.907602	898.973611	896.142050	968.395975	963.672738
dme-miR-10404-3p_MIMAT0041638_8	0.037685	0.039317	0.024163	0.051740	0.034149	0.035100
dme-miR-10404-3p_MIMAT0041638_9	0.037685	0.039317	0.024163	0.051740	0.034149	0.035100
dme-miR-14-5p_MIMAT0020798	429.272012	463.877635	618.976955	553.878273	546.464614	491.487817
dme-miR-4979-3p_MIMAT0020212	0.039323	0.000000	0.000000	0.000000	0.000000	0.038401
dme-miR-9380-5p_MIMAT0035223	0.000000	0.000000	0.000000	0.000000	0.000000	0.000000
dme-miR-10404-3p_MIMAT0041638_3	0.037685	0.039317	0.024163	0.051740	0.034149	0.035100
dme-miR-2283-5p_MIMAT0011791	0.314586	0.171775	0.167282	0.190506	0.235190	0.115203
dme-miR-10404-3p_MIMAT0041638_6	0.037685	0.039317	0.024163	0.051740	0.034149	0.035100
dme-miR-10404-3p_MIMAT0041638_7	0.037685	0.039317	0.024163	0.051740	0.034149	0.035100
dme-miR-9374-5p_MIMAT0035211	0.235939	0.480969	0.368020	0.609620	0.376304	0.384010
dme-miR-10404-3p_MIMAT0041638_5	0.037685	0.039317	0.024163	0.051740	0.034149	0.035100
rr1146-1a-5p-miR	0.000000	0.000000	0.000000	0.000000	0.000000	0.000000
rr641508-1a-5p-miR	0.353909	0.343549	0.635672	0.495317	0.470381	0.268807
rr776664-1a-5p-miR	0.000000	0.000000	0.000000	0.000000	0.000000	0.000000
rr817690-5b-3p-miR	2.201199	2.165016	2.303235	2.068718	1.927888	1.921695
dme-miR-6-3-5p_MIMAT0020789	0.000000	0.000000	0.000000	0.000000	0.000000	0.000000
dme-miR-184-3p_MIMAT0000331	105458.171564	148627.562404	118298.620620	104479.799509	125275.913209	107447.283073
dme-miR-190-5p_MIMAT0005467	2041.838920	1871.880672	1769.726743	1968.388206	1864.024077	1936.152103
rr471690-1b-3p-miR	0.078646	0.171775	0.100369	0.342911	0.282228	0.307208
rr242803-1a-5p-miR	0.204481	0.068710	0.217467	0.019051	0.050656	0.192005
dme-miR-13b-2-5p_MIMAT0020797	13.173281	12.848749	12.646521	14.668992	12.135818	14.361969
dme-miR-955-3p_MIMAT0020847	0.078646	0.103065	0.033456	0.038101	0.000000	0.153604
dme-miR-956-3p_MIMAT0005469	149.310294	360.623850	132.152801	162.273341	161.763874	151.261483
rr622889-1a-3p-miR	0.314586	0.618389	0.573538	0.538861	0.517419	0.351095
dme-miR-988-3p_MIMAT0005505	13.133958	18.414250	18.200284	28.233047	18.580032	19.757307
dme-miR-9370-5p_MIMAT0035203	3.381798	4.294368	4.583528	3.810128	4.938996	4.876925
dme-miR-963-5p_MIMAT0005477	0.157293	0.034355	0.100369	0.076203	0.423343	0.192005
rr527087-1a-5p-miR	9.162787	8.294128	8.372159	9.634552	8.976998	7.082478
dme-miR-964-5p_MIMAT0005478	0.275263	0.549679	0.334564	0.304810	0.376304	0.537614
rr494838-1a-3p-miR	0.078646	0.068710	0.000000	0.190506	0.329266	0.192005
dme-miR-985-5p_MIMAT0020883	0.000000	0.000000	0.000000	0.000000	0.000000	0.000000
dme-miR-92a-3p_MIMAT0000334	2.162778	1.717747	2.776882	1.924115	1.293547	0.960025
dme-miR-34-5p_MIMAT0000350	38345.717487	57763.441388	56738.790248	53544.017585	52641.652406	50120.038629
rr249955-1a-3p-miR	0.157293	0.274840	0.334564	0.381013	0.376304	0.153604
dme-miR-2497-5p_MIMAT0012208	0.000000	0.034355	0.133826	0.000000	0.000000	0.038401
dme-miR-277-5p_MIMAT0020804	152.161228	133.434604	141.888615	162.806759	163.033902	183.671915
dme-miR-4982-3p_MIMAT0020216	0.019662	0.114516	0.000000	0.000000	0.000000	0.000000
rr80643-2a-5p-miR	0.000000	0.034355	0.033456	0.000000	0.000000	0.000000
dme-miR-2493-5p_MIMAT0012200	0.000000	0.000000	0.000000	0.000000	0.000000	0.000000
rr903317-1a-3p-miR	0.130438	0.092151	0.152624	0.301506	0.150617	0.227642
rr167465-1a-3p-miR	0.157293	0.103065	0.334564	0.228608	0.047038	0.230406
dme-miR-9373-3p_MIMAT0035210	0.196616	0.206130	0.368020	0.038101	0.141114	0.115203
dme-miR-986-3p_MIMAT0020884	0.707818	0.584034	1.037149	1.219241	0.611495	0.768020
dme-miR-303-3p_MIMAT0020824	0.157293	0.103065	0.066913	0.266709	0.235190	0.153604
dme-miR-982-5p_MIMAT0005498	7.943292	6.802279	6.858563	10.020636	6.585328	7.756999
rr645002-1a-5p-miR	0.000000	0.000000	0.033456	0.076203	0.000000	0.076802
dme-miR-2498-3p_MIMAT0012211	0.039323	0.000000	0.000000	0.000000	0.000000	0.000000
rr884543-1b-3p-miR	2.201199	2.165016	2.303235	2.068718	1.927888	1.921695
rr462295-1a-5p-miR	0.117970	0.274840	0.100369	0.114304	0.094076	0.076802
rr481431-1a-3p-miR	0.157293	0.206130	0.267651	0.076203	0.329266	0.153604
dme-miR-2283-3p_MIMAT0020909	0.196616	0.240485	0.167282	0.228608	0.470381	0.038401
dme-miR-973-5p_MIMAT0005489	0.078646	0.240485	0.200738	0.152405	0.141114	0.076802
dme-miR-2490-3p_MIMAT0020911	0.000000	0.000000	0.000000	0.000000	0.000000	0.000000
dme-miR-133-3p_MIMAT0000340	41625.838283	40151.413554	39301.707703	37677.896248	33269.734675	32886.853837
rr885562-1b-3p-miR	0.078646	0.103065	0.234195	0.076203	0.188152	0.115203
dme-miR-4987-3p_MIMAT0020226	0.117970	0.206130	0.167282	0.076203	0.094076	0.076802
dme-miR-124-5p_MIMAT0020813	201.177631	207.435154	245.369277	212.757534	165.997299	193.771374
dme-miR-11182_MIMAT0043998	12.668633	10.827533	12.850247	13.805363	10.825473	12.454720
rr635885-1a-3p-miR	0.117970	0.103065	0.033456	0.190506	0.188152	0.038401
rr817686-1b-3p-miR	2.201199	2.187919	2.303235	2.068718	1.927888	1.921695
dme-miR-309-3p_MIMAT0000401	0.000000	0.000000	0.000000	0.000000	0.000000	0.000000
rr1170829-1a-5p-miR	0.000000	0.068710	0.000000	0.000000	0.094076	0.000000
dme-miR-4965-5p_MIMAT0020188	0.039323	0.068710	0.000000	0.076203	0.094076	0.038401
rr66138-1a-3p-miR	0.196616	0.206130	0.000000	0.228608	0.282228	0.115203
dme-miR-4944-3p_MIMAT0020154	0.000000	0.000000	0.000000	0.000000	0.000000	0.000000
dme-miR-4956-3p_MIMAT0020174	0.235939	0.343549	0.133826	0.838228	0.423343	0.153604
dme-miR-2501-5p_MIMAT0012216	0.196616	0.343549	0.669128	0.304810	0.423343	0.345609
dme-miR-4986-5p_MIMAT0020223	0.039323	0.000000	0.000000	0.000000	0.047038	0.000000
dme-miR-4977-5p_MIMAT0020208	0.000000	0.000000	0.000000	0.000000	0.000000	0.038401
dme-miR-988-5p_MIMAT0020886	127.525226	82.761061	84.979269	94.110156	103.013342	104.604285
dme-miR-977-5p_MIMAT0020874	0.275263	0.068710	0.066913	0.038101	0.047038	0.000000
rr111468-1d-5p-miR	0.000000	0.000000	0.000000	0.000000	0.000000	0.000000
rr989876-1a-5p-miR	0.039323	0.068710	0.066913	0.114304	0.141114	0.153604
rr1005758-2a-3p-miR	0.117970	0.000000	0.000000	0.190506	0.000000	0.038401
dme-miR-2489-3p_MIMAT0012196	9.512616	9.351416	8.881003	9.343703	10.516925	10.022337
dme-miR-971-5p_MIMAT0020868	11.678999	11.852456	11.509003	11.830447	12.841389	11.424293
rr496920-1a-3p-miR	0.432556	0.206130	0.200738	0.228608	0.517419	0.268807
dme-miR-995-5p_MIMAT0010206	1.572929	1.752102	2.208123	1.638355	2.163751	1.459237
dme-miR-2500-3p_MIMAT0012215	1.376313	1.305488	1.371713	1.295443	1.222989	1.075228
dme-miR-9369-3p_MIMAT0035202	0.000000	0.103065	0.100369	0.000000	0.047038	0.115203
rr1083056-1a-3p-miR	0.000000	0.206130	0.033456	0.114304	0.047038	0.268807
dme-bantam-3p_MIMAT0000365	78230.408462	73440.097178	81775.394889	82204.176468	81127.859831	86744.479613
dme-miR-307a-3p_MIMAT0000398	94.297099	92.294558	96.387904	90.769944	76.672031	88.821480
dme-miR-285-5p_MIMAT0020817	1923.141758	2029.758818	2145.174524	2106.314831	2281.322190	2149.303175
dme-miR-31b-5p_MIMAT0000389	3260.852415	3644.149183	3220.558183	3073.420511	3490.952834	3424.951922
rr76561-2a-5p-miR	0.393232	0.171775	0.200738	0.342911	0.141114	0.192005
dme-miR-285-3p_MIMAT0000356	174.804853	182.556448	186.541764	167.524968	160.156740	167.332296
dme-miR-4958-3p_MIMAT0020178	0.000000	0.000000	0.000000	0.000000	0.000000	0.000000
dme-miR-3644-5p_MIMAT0018061	0.000000	0.034355	0.033456	0.000000	0.000000	0.038401
dme-miR-87-5p_MIMAT0020821	5.288974	7.558088	10.170747	6.667724	5.644567	5.107331
dme-miR-972-3p_MIMAT0005488	0.550525	0.377904	0.501846	0.495317	0.188152	0.576015
dme-miR-4983-3p_MIMAT0020218	0.000000	0.000000	0.000000	0.000000	0.000000	0.076802
rr885562-1b-5p-miR	0.000000	0.000000	0.000000	0.000000	0.000000	0.038401
rr1098852-1a-3p-miR	0.039323	0.068710	0.000000	0.038101	0.094076	0.115203
rr1126954-1b-5p-miR	0.000000	0.000000	0.000000	0.000000	0.000000	0.038401
dme-miR-276b-5p_MIMAT0020815	59.790967	62.800838	73.052061	58.637866	42.052022	59.252721
dme-miR-1000-5p_MIMAT0005520	1816.477504	1704.795400	1912.970343	1846.254560	1948.339792	1930.935969
dme-miR-4954-3p_MIMAT0020170	0.039323	0.000000	0.000000	0.076203	0.000000	0.000000
dme-miR-980-3p_MIMAT0005496	32.402339	26.556372	30.779893	29.490389	31.656612	31.104798
dme-miR-9385-5p_MIMAT0035233	0.000000	0.000000	0.000000	0.000000	0.000000	0.000000
rr167465-1a-5p-miR	0.000000	0.000000	0.000000	0.000000	0.000000	0.000000
dme-miR-1014-3p_MIMAT0005027	0.000000	0.000000	0.000000	0.000000	0.000000	0.000000
dme-miR-125-3p_MIMAT0020831	137.238064	119.228834	122.032238	144.994412	134.528840	123.017558
dme-miR-314-3p_MIMAT0000406	0.117970	0.446614	0.167282	0.304810	0.141114	0.192005
rr568858-1a-3p-miR	0.294408	0.175335	0.249734	0.212006	0.491212	0.323439
dme-miR-4973-5p_MIMAT0020201	0.904434	0.618389	0.401477	0.838228	0.611495	0.844822
dme-miR-1006-5p_MIMAT0020903	1.297667	1.271133	1.505538	1.028734	1.552256	1.574440
dme-miR-9369-5p_MIMAT0035201	0.196616	0.137420	0.100369	0.114304	0.141114	0.153604
dme-miR-315-3p_MIMAT0020841	21.490144	20.131997	24.991935	25.165894	19.238565	21.600555
dme-miR-193-3p_MIMAT0005468	22.453563	25.388304	35.095769	27.547224	17.357043	21.389349
dme-miR-2279-3p_MIMAT0011785	0.000000	0.034355	0.000000	0.000000	0.000000	0.000000
dme-miR-1010-3p_MIMAT0005023	671.758693	732.567655	653.124792	639.098131	647.721869	642.141284
dme-miR-252-3p_MIMAT0020896	1.494283	1.614682	2.592871	1.981266	1.081875	1.574440
dme-miR-2281-5p_MIMAT0011788	0.000000	0.000000	0.000000	0.000000	0.000000	0.000000
dme-miR-959-5p_MIMAT0020854	0.039323	0.206130	0.167282	0.190506	0.235190	0.192005
rr76561-2a-3p-miR	25.756714	23.773621	28.371032	27.280515	24.553865	22.579780
rr446444-1d-3p-miR	1.016552	0.936869	0.984037	0.931395	1.223437	1.053972
rr471690-1b-5p-miR	0.000000	0.000000	0.000000	0.000000	0.000000	0.000000
dme-miR-4982-5p_MIMAT0020215	0.039323	0.171775	0.033456	0.000000	0.000000	0.076802
dme-miR-992-3p_MIMAT0005510	0.000000	0.000000	0.000000	0.000000	0.000000	0.000000
dme-miR-2492-3p_MIMAT0012199	0.393232	0.687099	0.334564	0.304810	0.376304	0.384010
rr1148444-1a-5p-miR	0.000000	0.000000	0.000000	0.000000	0.000000	0.000000
dme-miR-8-5p_MIMAT0020791	1351.716280	1539.341989	1864.977129	1581.507833	1458.979378	1359.855709
rr754903-2d-3p-miR	0.039323	0.137420	0.100369	0.076203	0.141114	0.038401
dme-miR-2280-3p_MIMAT0011787	0.039323	0.000000	0.000000	0.000000	0.000000	0.153604
rr305851-1a-3p-miR	0.157293	0.171775	0.066913	0.114304	0.000000	0.192005
dme-miR-4985-3p_MIMAT0020222	0.000000	0.000000	0.000000	0.076203	0.000000	0.000000
dme-miR-iab-8-3p_MIMAT0005464	0.000000	0.000000	0.000000	0.000000	0.000000	0.000000
dme-miR-3641-3p_MIMAT0018056	0.078646	0.171775	0.401477	0.076203	0.188152	0.076802
dme-miR-308-5p_MIMAT0020833	84.328661	69.895134	68.849936	89.724699	87.090960	89.017325
dme-miR-7-5p_MIMAT0000112	954.866269	870.966548	1014.230927	1058.234411	1287.039605	1147.709463
dme-miR-2535b-3p_MIMAT0020510	53.558236	51.429352	54.550669	60.695335	44.968381	51.492522
dme-miR-318-5p_MIMAT0020844	0.039323	0.000000	0.000000	0.000000	0.000000	0.000000
rr271302-1a-5p-miR	0.275263	0.171775	0.066913	0.190506	0.047038	0.096002
rr645045-1a-3p-miR	2.398717	1.271133	1.371713	2.667089	1.787446	1.689643
dme-miR-957-3p_MIMAT0005470	27627.151413	32503.297774	31304.402561	29885.501357	30464.534121	30041.971518
dme-miR-4984-5p_MIMAT0020219	0.000000	0.000000	0.000000	0.000000	0.000000	0.000000
dme-miR-2496-5p_MIMAT0012206	0.000000	0.000000	0.033456	0.000000	0.000000	0.000000
dme-miR-1007-3p_MIMAT0005020	19.327366	17.160295	17.414059	17.050322	13.688074	16.147615
dme-miR-9a-5p_MIMAT0000114	7666.672688	5897.232317	5828.089076	6536.274180	6849.258350	7092.796479
rr817686-1b-5p-miR	167.051331	175.488461	134.188834	144.621925	140.786840	135.925084
dme-miR-975-3p_MIMAT0020872	0.000000	0.000000	0.000000	0.000000	0.000000	0.000000
rr932052-1a-3p-miR	0.157293	0.034355	0.167282	0.114304	0.094076	0.230406
rr186599-1a-3p-miR	0.714372	0.532502	0.702585	0.742975	0.823166	0.896023
rr185274-1a-3p-miR	0.157293	0.103065	0.167282	0.038101	0.141114	0.000000
rr568858-1a-5p-miR	0.000000	0.019969	0.033456	0.000000	0.001882	0.041473
rr922716-1a-5p-miR	9.824548	8.178636	10.216834	11.688611	10.429678	9.741994
dme-miR-1011-3p_MIMAT0005024	3.971646	4.637917	4.717353	3.886330	4.468615	4.224108
rr488204-1a-3p-miR	0.275263	0.343549	0.334564	0.381013	0.282228	0.576015
dme-miR-137-3p_MIMAT0005507	130.317176	170.160039	163.367627	121.885987	105.788588	139.318776
dme-miR-959-3p_MIMAT0005473	0.157293	0.309194	0.434933	0.419114	0.611495	0.230406
dme-miR-9a-3p_MIMAT0020792	8.061262	8.348251	8.347373	7.467850	7.643684	7.411390
rr55592-1b-3p-miR	0.000000	0.000000	0.000000	0.000000	0.000000	0.000000
dme-miR-282-3p_MIMAT0020809	1.533606	1.305488	1.773189	1.447849	1.458180	1.536039
dme-miR-100-3p_MIMAT0020818	23.633260	22.846038	25.092304	23.432286	22.296038	23.923814
dme-miR-303-5p_MIMAT0000388	0.000000	0.000000	0.000000	0.038101	0.000000	0.000000
dme-miR-1001-3p_MIMAT0020901	3.558752	4.895580	5.185743	4.076837	3.010436	3.187282
dme-miR-995-3p_MIMAT0005514	4041.667526	4802.765862	4790.566915	4199.626542	4266.649573	4255.648447
dme-miR-10-3p_MIMAT0012531	1903.126236	1620.007398	1811.931999	1829.928163	1761.951496	1896.048673
dme-miR-275-5p_MIMAT0020801	99.448442	146.094401	183.224004	161.435113	124.556772	110.594839
dme-miR-998-5p_MIMAT0020898	391.875622	380.326411	427.706685	419.380763	559.000256	433.431927
dme-miR-4940-3p_MIMAT0020147	7.078181	8.451316	6.691281	6.705825	8.419812	7.027380
dme-miR-310-5p_MIMAT0020836	0.000000	0.000000	0.000000	0.000000	0.000000	0.000000
dme-miR-280-5p_MIMAT0000343	0.000000	0.000000	0.000000	0.000000	0.000000	0.000000
dme-bantam-5p_MIMAT0020823	2899.184896	2631.677483	2684.538775	2884.438536	4491.060298	3095.401062
dme-miR-960-5p_MIMAT0005474	0.589848	0.515324	0.167282	0.723924	0.329266	0.729619
rr325173-1a-3p-miR	0.335505	0.384399	0.459579	0.576618	0.273351	0.400563
dme-miR-4952-5p_MIMAT0020166	15.218089	15.717387	18.451208	16.478803	17.215928	18.029263
dme-miR-983-5p_MIMAT0005499_1	0.766803	0.549679	0.769497	1.028734	1.034837	0.710418
dme-miR-5-3p_MIMAT0020786	0.039323	0.068710	0.066913	0.190506	0.188152	0.076802
dme-miR-278-5p_MIMAT0020805	743.091028	1144.260129	945.712209	773.875050	675.889825	768.826136
dme-miR-12-3p_MIMAT0020794	1.769545	1.580327	2.174666	2.057469	1.458180	1.766445
dme-miR-193-5p_MIMAT0020849	938.920700	960.598597	1015.379597	975.392708	929.965883	920.702035
rr347030-1b-3p-miR	0.039323	0.000000	0.000000	0.000000	0.047038	0.000000
dme-miR-4947-5p_MIMAT0020157	0.000000	0.000000	0.100369	0.000000	0.000000	0.038401
dme-miR-4915-5p_MIMAT0020508	0.000000	0.103065	0.033456	0.000000	0.000000	0.000000
dme-miR-2494-5p_MIMAT0012202	0.000000	0.000000	0.000000	0.000000	0.000000	0.000000
rr190705-1a-5p-miR	0.000000	0.000000	0.000000	0.000000	0.000000	0.000000
dme-miR-4968-5p_MIMAT0020194	0.904434	1.065003	0.802954	0.876329	0.611495	0.806421
dme-miR-3642-3p_MIMAT0018058	0.511202	0.343549	0.234195	0.342911	0.235190	0.384010
rr435322-1a-5p-miR	0.353909	0.171775	0.301108	0.190506	0.470381	0.115203
dme-miR-92a-5p_MIMAT0020802	0.314586	0.206130	0.066913	0.152405	0.188152	0.038401
dme-miR-956-5p_MIMAT0020850	0.000000	0.240485	0.000000	0.000000	0.047038	0.000000
dme-miR-9374-3p_MIMAT0035212	0.000000	0.034355	0.066913	0.000000	0.000000	0.038401
dme-miR-1002-5p_MIMAT0005483	0.275263	0.343549	0.267651	0.190506	0.470381	0.345609
dme-miR-4962-3p_MIMAT0020184	1.140374	1.271133	1.304800	1.028734	0.799647	0.921624
dme-miR-4956-5p_MIMAT0020173	2.162778	1.820812	3.646748	2.171773	1.881522	1.843247
dme-miR-1004-5p_MIMAT0032027	91.780413	87.261558	93.778304	87.556736	80.670266	91.010336
rr201237-3a-3p-miR	0.000000	0.000000	0.133826	0.038101	0.000000	0.076802
dme-miR-282-5p_MIMAT0000346	50.785948	38.889797	40.348425	44.972208	34.055552	40.858649
dme-miR-3642-5p_MIMAT0018057	0.000000	0.034355	0.000000	0.000000	0.047038	0.038401
rr186599-1a-5p-miR	0.039323	0.000000	0.033456	0.000000	0.000000	0.000000
rr901626-1a-3p-miR	0.245770	0.180363	0.153342	0.250833	0.286148	0.294408
rr767199-3a-5p-miR	8.147273	7.160129	7.525049	6.814610	6.517421	7.577444
dme-miR-33-5p_MIMAT0000342	20129.048894	14887.955592	16935.297802	20167.317418	19603.909423	20568.944024
rr817650-3a-3p-miR	1.878748	1.933693	2.229630	1.984895	1.871443	1.829533
rr363371-1a-3p-miR	0.000000	0.034355	0.033456	0.000000	0.000000	0.000000
dme-miR-3641-5p_MIMAT0018055	0.000000	0.068710	0.066913	0.114304	0.000000	0.038401
dme-miR-4983-5p_MIMAT0020217	0.039323	0.034355	0.033456	0.038101	0.000000	0.038401
dme-miR-957-5p_MIMAT0020851	1.887515	1.820812	1.940472	2.247975	3.480816	2.572866
dme-miR-4966-3p_MIMAT0020191	0.137631	0.051532	0.000000	0.209557	0.023519	0.134403
rr413031-1a-3p-miR	0.589848	0.377904	0.501846	0.571519	0.752609	0.460812
dme-miR-9375-5p_MIMAT0035213	0.157293	0.377904	0.401477	0.495317	0.282228	0.384010
dme-miR-4919-3p_MIMAT0032117	42.508409	57.372757	51.957797	57.571031	52.259280	49.806079
rr190705-1a-3p-miR	0.039323	0.068710	0.200738	0.076203	0.000000	0.115203
rr439710-1a-3p-miR	0.235939	0.137420	0.368020	0.266709	0.235190	0.268807
rr593300-1b-3p-miR	0.000000	0.000000	0.033456	0.000000	0.000000	0.000000
dme-miR-124-3p_MIMAT0000351	323.944747	329.601336	333.861469	295.551611	231.615387	289.581834
rr936447-1a-3p-miR	0.157293	0.137420	0.100369	0.000000	0.188152	0.192005
dme-miR-966-5p_MIMAT0005481	16.893179	17.983712	20.575403	17.275999	19.176149	18.005927
dme-miR-286-5p_MIMAT0020820	0.117970	0.034355	0.000000	0.114304	0.000000	0.000000
rr940258-1a-5p-miR	0.019662	0.137420	0.150554	0.019051	0.164633	0.076802
rr782755-1a-5p-miR	0.117970	0.034355	0.267651	0.304810	0.094076	0.268807
dme-miR-1015-3p_MIMAT0005028	0.157293	0.068710	0.301108	0.038101	0.141114	0.115203
dme-miR-289-5p_MIMAT0000364	0.000000	0.000000	0.002788	0.000000	0.000000	0.000000
dme-miR-10404-3p_MIMAT0041638	0.037685	0.039317	0.024163	0.051740	0.034149	0.035100
dme-miR-305-3p_MIMAT0020827	3467.266589	4575.820917	4535.634683	4027.495554	3392.925526	3628.278741
dme-miR-309-5p_MIMAT0020835	0.000000	0.034355	0.100369	0.000000	0.000000	0.000000
rr111469-1a-3p-miR	0.865111	0.721454	0.234195	0.685823	0.987799	0.614416
dme-miR-2a-2-5p_MIMAT0020781	199.034515	186.530170	204.011583	216.300953	235.942888	216.792765
dme-miR-9376-3p_MIMAT0035216	0.157293	0.000000	0.033456	0.000000	0.000000	0.115203
dme-miR-2497-3p_MIMAT0012209	0.275263	0.034355	0.133826	0.038101	0.000000	0.076802
dme-miR-4965-3p_MIMAT0020189	0.000000	0.000000	0.000000	0.000000	0.000000	0.000000
dme-miR-4941-5p_MIMAT0020148	0.000000	0.194678	0.100369	0.076203	0.000000	0.038401
dme-miR-306-3p_MIMAT0000394	10.400994	11.113824	12.646521	11.258928	9.172421	9.715449
rr1192978-1a-3p-miR	0.000000	0.000000	0.000000	0.000000	0.047038	0.000000
rr446445-3a-5p-miR	0.000000	0.019969	0.033456	0.000000	0.001882	0.041473
dme-miR-970-5p_MIMAT0020867	2.123454	2.920170	3.178359	2.819495	2.775245	2.188856
dme-miR-317-5p_MIMAT0020843	387.727022	350.523497	376.501657	364.553025	343.142617	365.193375
dme-miR-963-3p_MIMAT0020858	0.275263	0.000000	0.033456	0.076203	0.188152	0.038401
dme-miR-990-5p_MIMAT0005508	307.625608	429.711643	436.940653	397.205819	349.916097	352.482649
rr602190-1a-3p-miR	0.085200	0.108791	0.069900	0.088903	0.147834	0.070402
dme-miR-316-3p_MIMAT0020842	0.157293	0.000000	0.334564	0.152405	0.047038	0.115203
rr105567-1a-5p-miR	1.061727	0.687099	0.702585	0.609620	0.705571	0.844822
dme-miR-2499-3p_MIMAT0012213	0.275263	0.412259	0.434933	0.304810	0.094076	0.460812
dme-miR-9378-5p_MIMAT0035219	8.808403	6.905344	6.892019	5.943799	7.432013	7.104182
dme-miR-286-3p_MIMAT0000359	32.913541	38.133988	39.645840	45.912040	37.395254	32.717640
dme-miR-31a-3p_MIMAT0020834	2.477363	1.236778	1.538995	1.752659	1.317066	1.920049
dme-miR-100-5p_MIMAT0000357	203.281424	283.806195	280.264307	218.777536	200.499713	226.642618
dme-miR-281-1-5p_MIMAT0000344	2344.490140	2788.711070	2872.065114	2668.137220	2690.200490	2573.480464
dme-miR-9375-3p_MIMAT0035214	0.157293	0.000000	0.267651	0.076203	0.047038	0.038401
dme-miR-991-5p_MIMAT0020890	0.000000	0.000000	0.000000	0.000000	0.000000	0.000000
dme-miR-9385-3p_MIMAT0035234	0.000000	0.000000	0.000000	0.000000	0.000000	0.000000
dme-miR-4950-3p_MIMAT0020163	0.235939	0.309194	0.167282	0.304810	0.235190	0.115203
dme-miR-996-5p_MIMAT0020895	104.049260	95.197551	105.621872	109.884085	129.495768	104.143473
dme-miR-989-5p_MIMAT0020887	0.000000	0.000000	0.000000	0.000000	0.000000	0.000000
dme-miR-978-3p_MIMAT0005494	0.275263	0.515324	0.368020	0.571519	0.470381	0.384010
dme-miR-313-3p_MIMAT0000405	0.235939	0.171775	0.167282	0.304810	0.141114	0.038401
rr594676-1b-5p-miR	0.255601	0.377904	0.167282	0.342911	0.376304	0.268807
dme-miR-312-3p_MIMAT0000404	17.616806	27.277826	27.634991	20.269880	18.674108	18.509275
dme-miR-1010-5p_MIMAT0020905	17.144927	15.116175	15.958705	15.507220	16.839624	17.318845
rr279401-1a-5p-miR	0.117970	0.103065	0.133826	0.152405	0.188152	0.153604
dme-miR-1006-3p_MIMAT0005019	38.844795	32.957843	33.339308	39.450698	36.626966	39.931905
dme-miR-1003-5p_MIMAT0020902	1.297667	1.511618	1.304800	1.257342	1.128913	1.267233
dme-miR-11-3p_MIMAT0000116	28910.141846	30859.019513	30519.512831	31476.411645	30920.622807	32291.542554
rr791328-2a-3p-miR	0.117970	0.000000	0.000000	0.190506	0.000000	0.038401
dme-miR-79-5p_MIMAT0020814	1.513944	1.391375	1.237887	1.104937	0.893723	1.459237
dme-miR-999-5p_MIMAT0020899	0.943757	0.446614	0.869867	0.685823	0.564457	0.576015
dme-miR-2490-5p_MIMAT0012197	0.000000	0.000000	0.004182	0.000000	0.011760	0.004800
dme-miR-316-5p_MIMAT0000408	487.254110	490.640137	451.276723	517.243895	585.811948	533.428094
dme-miR-9372-3p_MIMAT0035208	0.078646	0.549679	0.133826	0.304810	0.235190	0.153604
dme-miR-2492-5p_MIMAT0020913	0.000000	0.000000	0.000000	0.000000	0.000000	0.038401
dme-miR-2c-5p_MIMAT0020845	111.029133	101.639103	117.833459	112.494022	116.254555	115.932576
dme-miR-275-3p_MIMAT0000333	259.513639	347.431552	451.845482	317.059782	243.421939	283.725684
dme-miR-976-5p_MIMAT0020873	0.000000	0.000000	0.000000	0.000000	0.000000	0.000000
dme-miR-375-3p_MIMAT0005472	228.848076	214.225981	198.853721	216.046945	237.786257	233.145185
rr111468-1d-3p-miR	0.117970	0.137420	0.167282	0.228608	0.141114	0.153604
dme-miR-210-5p_MIMAT0020816	9.876684	11.248381	16.151080	11.001744	9.932869	11.277089
dme-miR-9b-5p_MIMAT0000395	629.289608	468.738860	448.918046	549.896690	558.294685	564.360088
dme-miR-4955-3p_MIMAT0020172	0.039323	0.034355	0.000000	0.076203	0.094076	0.000000
dme-miR-9383-3p_MIMAT0035230	7.196151	11.921166	12.077762	13.525954	9.830954	9.715449
dme-miR-4916-3p_MIMAT0020509	1.022404	0.721454	1.137518	0.876329	1.458180	1.420836
dme-miR-92b-5p_MIMAT0020819	0.000000	0.034355	0.000000	0.038101	0.000000	0.000000
dme-miR-4971-5p_MIMAT0020198	0.393232	0.480969	0.568759	0.571519	0.611495	0.268807
rr68215-1a-5p-miR	0.000000	0.034355	0.033456	0.000000	0.000000	0.000000
dme-miR-10-5p_MIMAT0000115	3463.465344	5571.083653	4230.779918	3890.121397	2933.481315	3587.765701
rr126254-1a-5p-miR	0.000000	0.000000	0.066913	0.152405	0.000000	0.115203
rr413031-1a-5p-miR	0.000000	0.000000	0.066913	0.000000	0.000000	0.000000
dme-miR-10404-5p_MIMAT0041637_8	5.470863	4.808741	4.968764	5.843405	6.409719	5.977528
rr272671-1a-5p-miR	0.000000	0.000000	0.000000	0.000000	0.047038	0.000000
dme-miR-4909-3p_MIMAT0020515	0.078646	0.137420	0.133826	0.152405	0.235190	0.153604
dme-miR-263a-5p_MIMAT0000319	20664.816164	34028.274166	25998.776605	22444.101901	21929.875207	23380.188763
dme-miR-9383-5p_MIMAT0035229	0.039323	0.034355	0.000000	0.000000	0.000000	0.038401
dme-miR-9379-5p_MIMAT0035221	0.000000	0.000000	0.033456	0.000000	0.000000	0.000000
dme-miR-4964-3p_MIMAT0020187	0.157293	0.171775	0.083641	0.076203	0.282228	0.268807
dme-miR-4948-5p_MIMAT0020158	0.000000	0.000000	0.000000	0.000000	0.000000	0.000000
dme-miR-971-3p_MIMAT0005487	33.778652	31.056870	35.430333	32.805200	25.165360	28.992744
dme-miR-4969-3p_MIMAT0020196	0.117970	0.137420	0.000000	0.000000	0.000000	0.000000
dme-miR-283-3p_MIMAT0020810	1.179697	1.769280	0.970236	1.866963	2.116713	2.112054
dme-miR-3645-5p_MIMAT0018063	0.668495	0.721454	0.602215	0.266709	0.423343	0.460812
dme-miR-311-3p_MIMAT0000403	4.286232	5.256306	7.786978	4.915065	4.233425	5.414539
dme-miR-1017-3p_MIMAT0005030	15.611321	16.662148	19.304346	21.451019	12.606199	14.285167
rr753053-1b-5p-miR	0.157293	0.068710	0.033456	0.190506	0.188152	0.153604
rr884543-1b-5p-miR	167.012008	175.474719	134.155378	144.612400	140.730395	135.871322
rr940206-1a-3p-miR	0.000000	0.000000	0.000000	0.000000	0.047038	0.000000
dme-miR-4969-5p_MIMAT0020195	8.061262	7.420668	6.222891	6.210508	6.538290	6.259361
dme-miR-954-3p_MIMAT0020846	1.258343	1.030648	0.836410	1.257342	0.846685	0.998426
dme-miR-9377-5p_MIMAT0035217	0.078646	0.000000	0.000000	0.038101	0.000000	0.000000
dme-miR-274-5p_MIMAT0000332	8954.921279	8256.798600	9295.293455	8572.939875	7945.386166	8789.582437
rr817690-5b-5p-miR	167.090655	175.588663	134.225079	144.682252	140.782921	135.992285
dme-miR-992-5p_MIMAT0020891	0.000000	0.000000	0.000000	0.000000	0.000000	0.000000
dme-miR-962-5p_MIMAT0005476	0.078646	0.137420	0.066913	0.190506	0.047038	0.153604
dme-miR-4959-5p_MIMAT0020179	0.000000	0.000000	0.000000	0.000000	0.000000	0.000000
rr482594-1a-3p-miR	0.078646	0.000000	0.033456	0.000000	0.000000	0.115203
dme-miR-4949-3p_MIMAT0020161	0.000000	0.000000	0.033456	0.114304	0.000000	0.000000
rr794157-1a-3p-miR	8.149583	8.639164	8.194257	9.172096	9.329625	8.547237
dme-miR-9371-5p_MIMAT0035205	0.000000	0.000000	0.000000	0.076203	0.000000	0.038401
dme-miR-8-3p_MIMAT0000113	180322.321700	137332.326644	152685.247820	163175.027279	155607.862587	173609.314315
dme-miR-306-5p_MIMAT0000393	1380.009342	842.967268	942.065461	854.802164	937.045111	938.251286
dme-miR-318-3p_MIMAT0000410	14.864180	14.678150	18.847108	18.272738	16.275167	16.493223
rr426499-1a-3p-miR	0.852003	0.976253	1.430261	0.866804	0.854525	0.640016
dme-miR-190-3p_MIMAT0020848	1.651576	2.164361	1.304800	1.333545	1.317066	1.958450
dme-miR-9388-5p_MIMAT0035238	0.000000	0.000000	0.000000	0.000000	0.000000	0.000000
dme-miR-4939-3p_MIMAT0020145	0.000000	0.000000	0.000000	0.000000	0.000000	0.000000
dme-miR-314-5p_MIMAT0020840	0.000000	0.068710	0.000000	0.000000	0.047038	0.115203
dme-miR-9377-3p_MIMAT0035218	0.000000	0.000000	0.000000	0.000000	0.000000	0.000000
dme-miR-958-3p_MIMAT0005471	0.039323	0.171775	0.000000	0.000000	0.047038	0.038401
dme-miR-968-3p_MIMAT0020865	0.000000	0.034355	0.000000	0.000000	0.000000	0.000000
dme-miR-1-3p_MIMAT0000105	321.627134	270.012685	451.427277	450.509507	506.623381	494.662298
rr498327-1a-3p-miR	0.078646	0.068710	0.100369	0.114304	0.094076	0.192005
dme-miR-932-3p_MIMAT0020860	78.646455	92.002541	122.617725	105.235729	81.234722	83.560545
rr72502-1d-3p-miR	8.297201	6.493084	6.724737	6.477217	7.149784	8.221651
dme-miR-4961-5p_MIMAT0020181	0.648833	0.827382	0.703700	0.790602	0.489980	1.286433
dme-miR-2c-3p_MIMAT0000411	203.346963	225.217845	228.710217	206.290478	185.289958	204.594692
rr261408-1b-3p-miR	0.235939	0.171775	0.267651	0.266709	0.329266	0.153604
dme-miR-927-5p_MIMAT0005501	3390.527311	5426.105788	4791.967623	3601.690915	3322.862341	3497.062573
dme-miR-997-3p_MIMAT0020897	0.000000	0.000000	0.000000	0.000000	0.000000	0.000000
rr474735-1a-5p-miR	0.196616	0.085887	0.100369	0.114304	0.211671	0.230406
rr791723-1a-3p-miR	0.589848	0.343549	0.434933	0.419114	0.047038	0.460812
rr534498-1a-5p-miR	0.141564	0.126254	0.135498	0.107636	0.064677	0.113283
dme-miR-87-3p_MIMAT0000361	17.977269	19.965948	18.668674	18.974436	20.461554	20.058115
rr315285-1a-5p-miR	0.000000	0.000000	0.033456	0.000000	0.000000	0.000000
dme-miR-4944-5p_MIMAT0020153	0.000000	0.000000	0.000000	0.000000	0.000000	0.000000
dme-miR-287-3p_MIMAT0000360	0.000000	0.000000	0.000000	0.000000	0.000000	0.000000
dme-miR-4986-3p_MIMAT0020224	5.190666	6.218245	6.022153	6.705825	6.820518	5.721747
rr309853-1a-3p-miR	0.334247	0.085887	0.016728	0.038101	0.047038	0.057601
dme-miR-92b-3p_MIMAT0000358	216.828276	295.280746	391.038465	277.815466	257.650951	245.919913
dme-miR-2281-3p_MIMAT0011789	0.000000	0.000000	0.000000	0.000000	0.000000	0.000000
dme-miR-4976-3p_MIMAT0020207	0.000000	0.000000	0.000000	0.000000	0.000000	0.000000
dme-miR-4967-3p_MIMAT0020193	0.039323	0.034355	0.033456	0.076203	0.000000	0.115203
rr603574-1d-3p-miR	0.235939	0.343549	0.434933	0.571519	0.329266	0.384010
dme-miR-9372-5p_MIMAT0035207	0.039323	0.034355	0.334564	0.114304	0.047038	0.076802
dme-miR-965-5p_MIMAT0020861	16.948311	16.181179	22.248510	19.012538	17.498157	17.203642
dme-miR-979-5p_MIMAT0020876	0.000000	0.034355	0.000000	0.000000	0.000000	0.000000
dme-miR-2a-3p_MIMAT0000106_1	1210.939126	1388.015330	1509.329407	1298.749361	1149.871930	1214.431816
dme-miR-977-3p_MIMAT0005493	0.000000	0.034355	0.066913	0.190506	0.094076	0.038401
dme-miR-4975-5p_MIMAT0020205	3.539090	2.301781	1.739733	3.295761	3.151550	3.148881
dme-miR-284-5p_MIMAT0020811	7828.094536	8804.261815	7863.392765	8388.967856	8247.417523	8056.008405
dme-miR-276b-3p_MIMAT0000354	59711.927546	50741.359486	55045.555999	57147.547522	60370.287211	57206.428543
rr817655-5b-5p-miR	167.090655	175.588663	134.225079	144.682252	140.782921	135.992285
dme-miR-981-5p_MIMAT0020878	263.583593	291.639122	298.464592	272.957553	262.989770	273.415019
dme-miR-9c-5p_MIMAT0000392	2491.047808	2038.708281	2175.653309	2475.230452	2586.175830	2601.436381
rr922319-1a-5p-miR	0.000000	0.068710	0.000000	0.000000	0.094076	0.000000
dme-miR-1013-3p_MIMAT0005026	68.612478	62.062207	64.503949	74.564200	65.665126	66.209700
dme-miR-4961-3p_MIMAT0020182	0.825788	0.893229	1.037149	0.876329	1.034837	1.113629
rr55592-1b-5p-miR	0.000000	0.137420	0.033456	0.076203	0.047038	0.153604
dme-miR-961-3p_MIMAT0020856	0.000000	0.034355	0.100369	0.000000	0.000000	0.000000
dme-miR-4972-3p_MIMAT0020200	0.471879	0.343549	0.535302	0.495317	0.423343	0.460812
dme-miR-4981-3p_MIMAT0020214	35.980753	37.515599	33.489862	34.595960	30.856965	35.328907
dme-miR-4951-3p_MIMAT0020165	0.275263	0.309194	0.334564	0.381013	0.235190	0.038401
dme-miR-964-3p_MIMAT0020859	0.078646	0.137420	0.301108	0.190506	0.000000	0.268807
rr795601-1a-5p-miR	0.000000	0.000000	0.000000	0.057152	0.000000	0.076802
dme-miR-9384-3p_MIMAT0035232	0.000000	0.034355	0.000000	0.000000	0.047038	0.000000
dme-miR-9378-3p_MIMAT0035220	0.000000	0.000000	0.000000	0.000000	0.000000	0.000000
rr249955-1a-5p-miR	0.000000	0.000000	0.033456	0.000000	0.000000	0.000000
dme-miR-10404-3p_MIMAT0041638_1	0.037685	0.039317	0.024163	0.051740	0.034149	0.035100
dme-miR-984-3p_MIMAT0020881	0.078646	0.068710	0.100369	0.152405	0.188152	0.076802
rr635885-1a-5p-miR	0.039323	0.000000	0.000000	0.038101	0.000000	0.000000
rr363371-1a-5p-miR	0.117970	0.274840	0.100369	0.114304	0.094076	0.076802
dme-miR-2496-3p_MIMAT0012207	0.000000	0.000000	0.066913	0.000000	0.047038	0.000000
dme-miR-4945-5p_MIMAT0020155	0.078646	0.000000	0.033456	0.000000	0.000000	0.000000
dme-miR-4919-5p_MIMAT0020513	0.000000	0.000000	0.066913	0.038101	0.141114	0.000000
dme-miR-4914-5p_MIMAT0020507	0.000000	0.000000	0.033456	0.076203	0.000000	0.000000
dme-miR-986-5p_MIMAT0005503	1256.927640	1042.500784	955.230556	1026.638926	1131.312281	1209.131840
dme-miR-312-5p_MIMAT0020838	0.078646	0.377904	0.167282	0.152405	0.047038	0.076802
dme-miR-999-3p_MIMAT0005519	45297.841256	42613.821363	41885.412059	47113.296644	47397.638269	48125.363424
rr306431-1a-3p-miR	1.808868	0.755809	1.003692	0.876329	1.317066	1.113629
rr817694-3b-3p-miR	2.201199	2.165016	2.303235	2.068718	1.927888	1.921695
dme-miR-4912-5p_MIMAT0020505	0.039323	0.000000	0.200738	0.152405	0.329266	0.422411
dme-miR-4950-5p_MIMAT0020162	0.000000	0.000000	0.033456	0.000000	0.000000	0.076802
rr243871-1a-3p-miR	0.000000	0.000000	0.000000	0.000000	0.094076	0.000000
dme-miR-3-5p_MIMAT0020784	0.000000	0.000000	0.000000	0.000000	0.000000	0.000000
dme-miR-4918-5p_MIMAT0020512	0.000000	0.000000	0.000000	0.000000	0.000000	0.000000
rr776664-1a-3p-miR	0.117970	0.137420	0.066913	0.190506	0.282228	0.076802
rr139215-1a-3p-miR	0.235939	0.103065	0.133826	0.114304	0.282228	0.038401
dme-miR-252-5p_MIMAT0005516	1829.847401	1826.343193	1863.220668	1888.165966	2158.458788	1868.611169
dme-miR-4958-5p_MIMAT0020177	0.157293	0.223307	0.100369	0.152405	0.141114	0.076802
dme-miR-4951-5p_MIMAT0020164	39.323227	35.763497	39.311276	36.348619	39.841233	40.858649
dme-miR-976-3p_MIMAT0005492	1.376313	1.202423	1.405169	0.876329	1.552256	1.804846
rr514885-1a-5p-miR	0.000000	0.000000	0.000000	0.000000	0.000000	0.000000
rr817694-3b-5p-miR	167.064439	175.571485	134.225079	144.710828	140.782921	135.973085
dme-miR-4966-5p_MIMAT0020190	0.019662	0.034355	0.033456	0.019051	0.000000	0.038401
rr86559-1a-3p-miR	0.000000	0.000000	0.000000	0.000000	0.000000	0.000000
dme-miR-279-5p_MIMAT0020807	0.629172	0.515324	0.234195	0.304810	0.517419	0.307208
dme-miR-307b-5p_MIMAT0012194	0.000000	0.000000	0.033456	0.000000	0.000000	0.038401
dme-miR-4908-3p_MIMAT0020514	0.000000	0.000000	0.000000	0.000000	0.000000	0.000000
dme-miR-281-2-5p_MIMAT0000349	2287.904015	2730.410730	2856.440972	2647.905442	2658.261650	2525.325627
rr529174-1a-5p-miR	4.148600	4.073924	3.398613	3.946657	4.754763	3.532891
dme-miR-991-3p_MIMAT0005509	0.983081	1.305488	0.702585	1.181140	0.799647	1.466918
dme-miR-284-3p_MIMAT0000348	15.296735	25.491369	18.802500	14.567388	14.346607	16.704429
rr1122500-1a-5p-miR	0.000000	0.000000	0.066913	0.152405	0.000000	0.153604
dme-miR-1016-5p_MIMAT0020908	1.258343	1.408553	1.070605	1.104937	1.740408	1.536039
dme-miR-1008-5p_MIMAT0032028	23.711906	20.870629	22.967822	25.661210	24.083485	26.995893
dme-miR-4973-3p_MIMAT0020202	0.000000	0.000000	0.000000	0.000000	0.141114	0.115203
dme-miR-1012-5p_MIMAT0020906	232.066026	212.914767	213.000204	246.820077	260.873058	249.356801
dme-miR-990-3p_MIMAT0020889	0.078646	0.034355	0.033456	0.057152	0.094076	0.000000
dme-miR-993-3p_MIMAT0005512	1059.878948	1089.292219	1237.585889	1092.668440	1066.352726	1076.955646
dme-miR-311-5p_MIMAT0020837	0.117970	0.171775	0.033456	0.304810	0.000000	0.038401
dme-miR-11-5p_MIMAT0020793	1836.355395	2054.648976	1881.722060	1942.746046	1858.708777	1958.699882
dme-miR-iab-4-3p_MIMAT0000413	0.000000	0.000000	0.000000	0.000000	0.000000	0.000000
dme-miR-4978-5p_MIMAT0020210	0.039323	0.000000	0.033456	0.076203	0.047038	0.076802
dme-miR-972-5p_MIMAT0020869	0.000000	0.000000	0.001239	0.000000	0.000000	0.000000
rr105567-1a-3p-miR	0.235939	0.343549	0.133826	0.190506	0.235190	0.384010
rr201237-3a-5p-miR	0.000000	0.000000	0.000000	0.000000	0.000000	0.000000
rr901626-1a-5p-miR	0.009831	0.000000	0.000000	0.009525	0.011760	0.009600
dme-miR-2495-5p_MIMAT0012204	0.117970	0.068710	0.033456	0.190506	0.094076	0.076802
dme-miR-4984-3p_MIMAT0020220	0.471879	0.274840	0.301108	0.304810	0.376304	0.422411
rr325173-1a-5p-miR	0.000000	0.000000	0.066913	0.000000	0.000000	0.000000
dme-miR-6-1-5p_MIMAT0020787	0.000000	0.034355	0.000000	0.152405	0.047038	0.038401
rr594676-1b-3p-miR	0.039323	0.137420	0.100369	0.076203	0.141114	0.038401
rr269542-1a-3p-miR	0.771172	0.710002	0.594409	0.843308	0.717330	0.720018
dme-miR-304-5p_MIMAT0000390	20.579156	22.021519	22.365607	21.730429	18.227247	20.621329
rr446445-3a-3p-miR	0.294408	0.175335	0.249734	0.212006	0.491212	0.323439
dme-miR-967-3p_MIMAT0020863	0.196616	0.206130	0.334564	0.342911	0.564457	0.537614
dme-miR-974-5p_MIMAT0005490	0.275263	0.309194	0.167282	0.152405	0.282228	0.307208
dme-miR-133-5p_MIMAT0020806	48.446216	45.451591	50.084239	49.531661	49.013654	48.154836
dme-miR-4943-5p_MIMAT0020151	0.000000	0.103065	0.000000	0.076203	0.101916	0.192005
rr900379-1a-5p-miR	0.536856	0.377086	0.391918	0.458123	0.651813	0.412353
dme-miR-4955-5p_MIMAT0020171	0.039323	0.000000	0.000000	0.038101	0.000000	0.000000
dme-miR-304-3p_MIMAT0020826	6.960211	5.909050	5.152286	6.058103	5.315300	5.875351
dme-miR-4970-5p_MIMAT0020197	0.000000	0.000000	0.000000	0.000000	0.000000	0.000000
dme-miR-1009-3p_MIMAT0005022	22.217623	18.586025	19.873105	20.422285	22.907533	20.525327
dme-miR-9376-5p_MIMAT0035215	0.000000	0.000000	0.000000	0.076203	0.000000	0.038401
dme-miR-4962-5p_MIMAT0020183	0.117970	0.034355	0.083641	0.190506	0.141114	0.038401
dme-miR-281-3p_MIMAT0000345	106.624931	90.576811	93.460468	99.349081	104.283370	96.828086
dme-miR-960-3p_MIMAT0020855	0.353909	0.068710	0.234195	0.038101	0.000000	0.000000
dme-miR-308-3p_MIMAT0000399	58.748902	66.940609	58.766176	65.210337	54.140802	65.416079
dme-miR-961-5p_MIMAT0005475	0.471879	0.549679	0.401477	0.647722	0.376304	0.307208
dme-miR-307b-3p_MIMAT0012195	0.000000	0.000000	0.066913	0.000000	0.000000	0.000000
dme-miR-219-3p_MIMAT0020803	4.797434	5.531146	5.988697	5.067470	5.174186	5.529742
dme-miR-13a-5p_MIMAT0020795	0.904434	0.584034	0.836410	1.066836	1.034837	1.152030
dme-miR-9b-3p_MIMAT0020829	36.000415	35.763497	44.396650	39.549126	31.021598	35.367308
dme-miR-10404-5p_MIMAT0041637	5.470863	4.808741	4.968764	5.843405	6.409719	5.977528
dme-miR-929-5p_MIMAT0020892	324.337979	297.445108	307.230170	323.632252	258.333003	322.606682
dme-miR-283-5p_MIMAT0000347	474.827971	413.874014	439.081863	446.470771	470.850939	498.291192
dme-miR-984-5p_MIMAT0005500	0.314586	0.206130	0.167282	0.381013	0.564457	0.307208
dme-miR-9388-3p_MIMAT0035239	0.023594	0.058403	0.006691	0.110494	0.009408	0.015360
rr1098852-1a-5p-miR	0.117970	0.034355	0.167282	0.076203	0.047038	0.153604
rr626972-1a-3p-miR	2.145201	1.161637	2.029652	2.396991	1.486064	1.837100
dme-miR-4910-5p_MIMAT0020503	0.039323	0.000000	0.033456	0.000000	0.000000	0.038401
dme-miR-9382-5p_MIMAT0035227	0.275263	0.068710	0.167282	0.228608	0.282228	0.192005
dme-miR-978-5p_MIMAT0020875	0.000000	0.000000	0.033456	0.000000	0.000000	0.115203
rr627154-1a-5p-miR	0.000000	0.000000	0.000000	0.000000	0.000000	0.076802
dme-miR-974-3p_MIMAT0020871	0.000000	0.034355	0.000000	0.000000	0.000000	0.000000
dme-miR-9381-3p_MIMAT0035226	0.786465	0.858874	0.936779	1.219241	0.658533	0.844822
rr505492-1a-3p-miR	1.258343	1.065003	1.104061	1.371646	1.034837	1.228832
dme-miR-4940-5p_MIMAT0020146	12.426140	12.917459	11.609373	12.306713	14.628835	13.171538
dme-miR-4949-5p_MIMAT0020160	0.081923	0.146009	0.078623	0.104779	0.130923	0.201605
dme-miR-1012-3p_MIMAT0005025	115.826566	129.896044	134.260554	136.002511	109.363480	102.876241
dme-miR-1000-3p_MIMAT0020900	17.459513	14.205769	18.467936	18.174309	19.356160	17.107639
rr196830-1a-5p-miR	2.398717	2.107103	2.743425	2.705191	3.668968	3.225683
dme-miR-4954-5p_MIMAT0020169	0.000000	0.000000	0.000000	0.000000	0.000000	0.000000
dme-miR-2501-3p_MIMAT0012217	0.039323	0.034355	0.066913	0.000000	0.047038	0.038401
dme-miR-983-5p_MIMAT0005499	0.766803	0.549679	0.769497	1.028734	1.034837	0.710418
dme-miR-263b-5p_MIMAT0000362	63.139995	109.718240	118.647565	74.380044	64.544052	94.127216
dme-miR-2280-5p_MIMAT0011786	0.000000	0.000000	0.000000	0.000000	0.000000	0.000000
dme-miR-3643-3p_MIMAT0018060	0.000000	0.000000	0.000000	0.000000	0.000000	0.000000
dme-miR-982-3p_MIMAT0020879	0.117970	0.034355	0.033456	0.038101	0.000000	0.115203
rr901627-1a-5p-miR	0.009831	0.000000	0.000000	0.009525	0.011760	0.009600
rr780129-1a-3p-miR	0.157293	0.034355	0.234195	0.038101	0.282228	0.345609
dme-miR-989-3p_MIMAT0005506	0.117970	0.412259	0.133826	0.266709	0.094076	0.268807
dme-miR-4957-5p_MIMAT0020175	0.196616	0.103065	0.368020	0.076203	0.305747	0.076802
dme-miR-4987-5p_MIMAT0020225	0.117970	0.000000	0.133826	0.000000	0.000000	0.038401
rr525331-1a-5p-miR	0.000000	0.000000	0.066913	0.000000	0.000000	0.000000
rr272671-1a-3p-miR	0.157293	0.171775	0.200738	0.152405	0.235190	0.192005
rr676198-1a-3p-miR	0.000000	0.000000	0.000000	0.000000	0.000000	0.000000
dme-miR-4-3p_MIMAT0000109	0.747141	0.412259	0.568759	0.342911	0.235190	0.230406
dme-miR-9381-5p_MIMAT0035225	0.117970	0.171775	0.635672	0.228608	0.094076	0.268807
dme-miR-iab-4-5p_MIMAT0000412	0.471879	0.446614	0.669128	1.143038	0.423343	0.422411
rr817650-3a-5p-miR	167.077547	175.610421	134.213927	144.669552	140.751562	135.934684
dme-miR-278-3p_MIMAT0000339	4747.650535	3699.340401	4331.701164	4292.661395	3661.677458	4302.369646
rr505492-1a-5p-miR	0.000000	0.068710	0.033456	0.076203	0.000000	0.076802
rr117045-1a-5p-miR	0.078646	0.137420	0.000000	0.000000	0.000000	0.038401
rr23497-1a-5p-miR	0.412894	0.360727	0.590506	0.514367	0.350434	0.268807
dme-miR-4985-5p_MIMAT0020221	2.044808	1.958232	1.672820	1.638355	1.693370	1.728044
dme-miR-4917-3p_MIMAT0020511	0.000000	0.000000	0.000000	0.000000	0.000000	0.000000
rr72502-1d-5p-miR	0.000000	0.000000	0.000000	0.000000	0.047038	0.000000
rr940206-1a-5p-miR	0.275263	0.137420	0.133826	0.152405	0.235190	0.153604
rr86559-1a-5p-miR	0.157293	0.137420	0.133826	0.114304	0.235190	0.268807
dme-miR-958-5p_MIMAT0020852	0.039323	0.171775	0.033456	0.038101	0.047038	0.000000
rr109208-1a-3p-miR	0.078646	0.103065	0.200738	0.000000	0.000000	0.115203
dme-let-7-3p_MIMAT0020830	10.912196	7.111473	9.518347	9.258610	7.855355	9.197036
dme-miR-2b-2-5p_MIMAT0020783	202.861976	176.792997	181.083989	196.575377	241.621613	204.776000
dme-miR-7-3p_MIMAT0020790	13.802453	10.134709	11.274809	14.973802	12.229895	11.366692
dme-miR-276a-5p_MIMAT0000336	59.790967	62.800838	73.052061	58.637866	42.052022	59.252721
dme-miR-4967-5p_MIMAT0020192	0.000000	0.000000	0.033456	0.000000	0.000000	0.000000
rr432755-1a-5p-miR	0.000000	0.034355	0.000000	0.038101	0.000000	0.038401
dme-miR-3643-5p_MIMAT0018059	0.000000	0.000000	0.000000	0.000000	0.000000	0.000000
dme-miR-2279-5p_MIMAT0011784	0.576179	0.399990	0.420913	0.458123	0.698851	0.450754
dme-miR-6-3p_MIMAT0000111	1.953054	1.574602	1.672820	2.019368	1.818805	1.740845
dme-miR-4976-5p_MIMAT0020206	1.336990	1.442908	1.438625	1.257342	1.411142	1.305634
dme-miR-31b-3p_MIMAT0020825	0.000000	0.000000	0.000000	0.000000	0.000000	0.000000
rr782755-1a-3p-miR	0.275263	0.137420	0.267651	0.038101	0.188152	0.192005
dme-miR-983-3p_MIMAT0020880_1	0.098308	0.017177	0.016728	0.000000	0.000000	0.000000
rr398966-1b-5p-miR	0.000000	0.034355	0.004851	0.000000	0.094076	0.000000
dme-miR-4911-3p_MIMAT0020504	0.000000	0.000000	0.000000	0.000000	0.000000	0.000000
dme-miR-973-3p_MIMAT0020870	0.117970	0.274840	0.167282	0.190506	0.047038	0.268807
dme-miR-307a-5p_MIMAT0020832	4.246909	3.246542	3.379097	3.924432	3.763044	3.609693
rr398966-1b-3p-miR	1.631914	0.698551	1.488810	1.047785	0.776128	0.512013
dme-miR-9384-5p_MIMAT0035231	0.000000	0.000000	0.000000	0.000000	0.000000	0.000000
dme-miR-2a-1-5p_MIMAT0020780	8.349632	7.697961	7.361604	7.745445	9.629922	7.318131
dme-miR-955-5p_MIMAT0005466	1.022404	0.824519	1.137518	1.219241	1.975598	1.612841
dme-miR-967-5p_MIMAT0005482	2.791949	2.679686	1.605907	1.333545	2.587093	1.920049
rr922319-1a-3p-miR	1.808868	2.233071	2.208123	1.219241	1.458180	1.574440
dme-miR-310-3p_MIMAT0000402	0.314586	0.171775	0.736041	0.114304	0.188152	0.307208
dme-miR-2493-3p_MIMAT0012201	0.000000	0.000000	0.000000	0.000000	0.000000	0.000000
dme-miR-281-3p_MIMAT0000345_1	104.422830	88.962128	91.453084	96.720093	102.919266	94.562428
dme-miR-276a-3p_MIMAT0000337	60736.218973	51554.294806	55932.552217	58144.981819	61575.943139	58243.440764
dme-miR-994-5p_MIMAT0005513	0.707818	0.584034	0.368020	0.838228	0.517419	0.998426
dme-miR-4946-5p_MIMAT0020156	0.000000	0.000000	0.000000	0.000000	0.000000	0.000000
dme-miR-288-3p_MIMAT0000363	0.000000	0.000000	0.000000	0.000000	0.000000	0.000000
dme-miR-969-3p_MIMAT0020866	12.819372	11.886811	14.854644	14.554688	14.393645	12.211513
dme-miR-4953-3p_MIMAT0020168	0.000000	0.000000	0.000000	0.038101	0.000000	0.038401
dme-miR-13b-1-5p_MIMAT0020796	19.464998	16.473196	21.596110	21.070007	18.791703	22.598980
dme-miR-987-3p_MIMAT0020885	3.499767	5.599856	5.854871	5.677090	5.785681	5.184133
dme-miR-4943-3p_MIMAT0020152	0.000000	0.034355	0.100369	0.000000	0.000000	0.038401
dme-miR-4942-3p_MIMAT0020150	0.243804	0.074436	0.089217	0.063502	0.078397	0.179205
rr129188-1a-5p-miR	0.000000	0.000000	0.000000	0.000000	0.000000	0.000000
rr742469-1a-3p-miR	0.000000	0.000000	0.066913	0.190506	0.000000	0.000000
dme-miR-9380-3p_MIMAT0035224	0.000000	0.000000	0.000000	0.000000	0.000000	0.000000
dme-miR-4974-3p_MIMAT0020204	0.023594	0.009161	0.004461	0.005080	0.006272	0.000000
dme-miR-996-3p_MIMAT0005515	1418.152872	1217.315918	1398.862490	1373.208148	1235.964116	1435.544052
dme-miR-985-3p_MIMAT0005502	0.078646	0.034355	0.000000	0.076203	0.117595	0.172804
rr242803-1a-3p-miR	0.157293	0.171775	0.066913	0.114304	0.000000	0.192005
rr645045-1a-5p-miR	1.572929	2.130007	1.538995	1.866963	0.893723	1.267233
dme-miR-2489-5p_MIMAT0020910	0.000000	0.000000	0.000000	0.000000	0.000000	0.000000
dme-miR-79-3p_MIMAT0000352	9.791484	8.623091	8.012809	8.687091	8.419812	9.024232
dme-miR-3644-3p_MIMAT0018062	0.039323	0.171775	0.000000	0.038101	0.094076	0.038401
dme-miR-981-3p_MIMAT0005497	5005.707030	4686.084672	4828.032513	4571.056847	3666.969239	4275.156147
rr622889-1a-5p-miR	1.651576	1.855167	3.061261	1.676456	1.458180	1.305634
dme-miR-315-5p_MIMAT0000407	6444.713228	5691.138151	5943.438398	6563.770602	6603.386513	6564.685002
dme-miR-4974-5p_MIMAT0020203	0.000000	0.000000	0.334564	0.076203	0.047038	0.115203
dme-miR-14-3p_MIMAT0000120	66427.954440	55307.044740	59873.922094	63510.855237	52299.443494	51958.187606
dme-miR-1002-3p_MIMAT0020864	0.589848	0.137420	0.167282	0.304810	0.000000	0.192005
rr498327-1a-5p-miR	0.000000	0.034355	0.000000	0.038101	0.000000	0.076802
rr488204-1a-5p-miR	0.039323	0.000000	0.066913	0.000000	0.000000	0.076802
dme-miR-4948-3p_MIMAT0020159	0.000000	0.000000	0.000000	0.000000	0.000000	0.000000
dme-miR-4-5p_MIMAT0020785	0.078646	0.000000	0.234195	0.076203	0.282228	0.038401
