#mirID	0	4	8	12	16	20
dme-miR-125-5p_MIMAT0000397	1937.768382	1728.390333	1743.088382	1398.562930	1476.643580	1464.625304
dme-miR-929-3p_MIMAT0005511	111.091789	161.274297	119.824694	128.138118	113.230492	99.210278
dme-miR-9370-3p_MIMAT0035204	0.000000	0.000000	0.000000	0.000000	0.044684	0.000000
dme-miR-10404-3p_MIMAT0041638_2	0.036489	0.020586	0.022858	0.041327	0.045165	0.020264
dme-miR-2491-5p_MIMAT0012198	0.000000	0.000000	0.000000	0.042798	0.000000	0.000000
dme-miR-iab-8-5p_MIMAT0005463	0.189900	0.554398	0.230987	0.427983	0.134053	0.416850
dme-miR-9c-3p_MIMAT0020828	0.474751	0.332639	0.461975	0.342386	0.558556	0.509483
dme-miR-137-5p_MIMAT0020888	9.352599	10.866195	8.893013	10.014803	11.886074	7.873832
dme-miR-2a-3p_MIMAT0000106	1231.034702	1340.771155	1245.624374	1287.225999	1384.125093	1133.309911
dme-miR-305-5p_MIMAT0000391	2959.409303	3192.138915	3177.144546	3230.993652	2985.817466	2839.095237
dme-miR-13b-3p_MIMAT0000119	392.957928	403.135846	434.723028	425.746814	423.154651	391.997161
rr733586-1a-3p-miR	0.189900	0.166319	0.115494	0.042798	0.044684	0.000000
dme-miR-2500-5p_MIMAT0012214	3.014670	2.605669	2.569734	2.482302	1.653326	2.408466
dme-miR-4952-3p_MIMAT0020167	1.946480	1.496874	1.674658	1.840327	1.608642	1.991616
dme-miR-4977-3p_MIMAT0020209	0.000000	0.000000	0.000000	0.000000	0.000000	0.000000
dme-miR-5-5p_MIMAT0000110	14.432438	15.523136	12.906419	13.952247	15.013988	19.869846
dme-miR-3645-3p_MIMAT0018064	0.189900	0.332639	0.346481	0.128395	0.536214	0.324217
dme-miR-10404-3p_MIMAT0041638_4	0.036489	0.020586	0.022858	0.041327	0.045165	0.020264
rr901627-1a-3p-miR	0.581570	0.443518	0.332044	0.517146	0.666544	0.308778
dme-miR-2282-3p_MIMAT0011790	0.427276	0.166319	0.288734	0.256790	0.134053	0.231583
rr627154-1a-3p-miR	1.329303	2.078991	1.963393	1.005760	1.675668	1.783191
dme-miR-965-3p_MIMAT0005480	37.885149	37.643605	31.703015	35.351398	35.211376	22.787795
dme-miR-4979-5p_MIMAT0020211	0.000000	0.000000	0.000000	0.000000	0.000000	0.000000
dme-miR-3-3p_MIMAT0000108	1.234353	1.441434	2.194380	1.754730	1.653326	1.250550
rr567113-1a-5p-miR	0.434058	0.533608	0.379479	0.451675	0.374305	0.381361
dme-miR-277-3p_MIMAT0000338	20763.909949	22262.283983	22689.570978	22013.456702	21101.757774	21519.135348
dme-miR-9373-5p_MIMAT0035209	0.000000	0.000000	0.000000	0.000000	0.000000	0.092633
dme-miR-184-5p_MIMAT0000330	11.204129	11.586912	10.105697	11.855130	10.277432	5.743265
dme-miR-6-3p_MIMAT0000111_2	4.098686	4.832500	3.310819	4.529487	4.133315	3.481469
dme-miR-6-3p_MIMAT0000111_1	4.098686	4.804780	3.310819	4.508088	4.133315	3.481469
dme-miR-9382-3p_MIMAT0035228	0.047475	0.110880	0.000000	0.000000	0.134053	0.092633
dme-miR-2495-3p_MIMAT0012205	0.000000	0.000000	0.000000	0.000000	0.000000	0.000000
dme-miR-279-3p_MIMAT0000341	1455.302438	1134.547215	1273.606568	2082.736594	2275.624561	1011.509456
dme-miR-33-3p_MIMAT0020808	43.582163	45.072535	40.365042	14.251835	11.148780	21.189870
dme-miR-1007-5p_MIMAT0020904	1.091928	1.053356	0.635215	1.711932	1.474588	1.482133
dme-miR-1004-3p_MIMAT0005017	3.465684	4.379742	3.464810	7.489703	10.590224	4.353766
dme-miR-979-3p_MIMAT0005495	0.237376	0.332639	0.173241	0.299588	0.178738	0.138950
dme-miR-993-5p_MIMAT0020893	98.700782	111.378502	113.183807	85.639403	66.937363	91.753296
dme-miR-34-3p_MIMAT0020812	578.792969	578.597181	614.618873	636.082638	723.501435	527.801456
dme-miR-4941-3p_MIMAT0020149	0.000000	0.000000	0.000000	0.021399	0.000000	0.000000
rr194477-1a-5p-miR	0.094950	0.221759	0.115494	0.085597	0.044684	0.324217
dme-miR-1008-3p_MIMAT0005021	0.332326	0.609837	0.519722	0.855966	1.117112	0.648433
dme-miR-31a-5p_MIMAT0000400	3399.986363	3720.101104	3111.727000	3276.730772	3496.687766	4052.915848
dme-miR-998-3p_MIMAT0005518	39.214452	41.468949	32.742459	32.847697	47.008081	31.703751
dme-miR-6-2-5p_MIMAT0020788	0.094950	0.110880	0.000000	0.042798	0.000000	0.000000
dme-miR-219-5p_MIMAT0000335	39.404353	48.897879	48.911574	26.748939	19.705859	42.333424
rr724257-1a-3p-miR	0.189900	0.166319	0.115494	0.000000	0.178738	0.000000
rr266290-1a-3p-miR	0.142425	0.166319	0.115494	0.171193	0.067027	0.277900
rr765733-1b-3p-miR	0.000000	0.000000	0.000000	0.000000	0.000000	0.000000
rr373604-1a-5p-miR	0.332326	0.443518	0.230987	0.171193	0.268107	0.833700
dme-miR-975-5p_MIMAT0005491	0.094950	0.000000	0.057747	0.128395	0.089369	0.000000
dme-miR-966-3p_MIMAT0020862	0.094950	0.055440	0.000000	0.042798	0.044684	0.046317
rr126254-1a-3p-miR	0.000000	0.055440	0.057747	0.042798	0.268107	0.138950
rr724257-1a-5p-miR	0.000000	0.000000	0.000000	0.000000	0.000000	0.000000
rr1083056-1a-5p-miR	0.000000	0.000000	0.000000	0.000000	0.000000	0.000000
rr271302-1a-3p-miR	0.000000	0.000000	0.115494	0.000000	0.000000	0.023158
dme-miR-13b-3p_MIMAT0000119_1	392.957928	403.135846	434.723028	425.746814	423.154651	391.950844
dme-miR-970-3p_MIMAT0005486	4896.710846	4624.619465	4754.432124	4751.431882	4362.985929	4989.647062
rr641508-1a-3p-miR	0.000000	0.055440	0.057747	0.085597	0.089369	0.000000
dme-miR-4980-3p_MIMAT0020213	0.047475	0.055440	0.115494	0.042798	0.000000	0.000000
dme-miR-954-5p_MIMAT0005465	0.854552	1.496874	0.866203	0.684773	1.385219	1.157916
dme-miR-987-5p_MIMAT0005504	9812.791543	11820.359998	10133.184591	10064.363227	7711.961674	10072.853770
dme-miR-1003-3p_MIMAT0005016	3.299521	3.714465	3.320443	3.359667	4.669529	3.357958
dme-miR-4913-3p_MIMAT0020506	0.617177	0.887036	1.616912	1.369546	1.295850	0.694750
dme-miR-4972-5p_MIMAT0020199	0.000000	0.000000	0.000000	0.000000	0.000000	0.046317
dme-miR-969-5p_MIMAT0005485	0.047475	0.166319	0.000000	0.128395	0.000000	0.185267
dme-miR-1-5p_MIMAT0020779	0.261113	0.055440	0.144367	0.128395	0.223422	0.092633
dme-let-7-5p_MIMAT0000396	21982.572634	24908.701502	23945.218278	27832.420911	24837.693735	28483.107077
dme-miR-980-5p_MIMAT0020877	16.853669	18.710923	14.927558	16.562943	16.689656	15.909771
dme-miR-1016-3p_MIMAT0005029	0.617177	0.388078	0.577468	0.813168	0.580898	0.324217
rr753053-1b-3p-miR	0.000000	0.110880	0.000000	0.000000	0.000000	0.000000
rr347030-1b-5p-miR	0.973240	2.217591	1.905646	1.412344	1.876748	1.806350
dme-miR-994-3p_MIMAT0020894	1.139403	0.000000	0.000000	0.042798	0.000000	0.046317
dme-miR-4960-3p_MIMAT0020180	2.088905	2.827428	1.732405	1.797529	2.055486	1.574766
dme-miR-2498-5p_MIMAT0012210	0.000000	0.000000	0.000000	0.000000	0.000000	0.000000
dme-miR-263a-3p_MIMAT0020799	59.747443	62.369744	89.392109	93.685484	82.755671	56.321054
dme-miR-962-3p_MIMAT0020857	0.000000	0.000000	0.000000	0.000000	0.000000	0.000000
rr432755-1a-3p-miR	34.419465	42.827224	34.417117	33.960453	35.032638	37.678600
rr68215-1a-3p-miR	0.664652	0.720717	1.154937	0.813168	0.938374	0.926333
dme-miR-2b-1-5p_MIMAT0020782	15.192040	15.911215	13.512761	10.656777	10.277432	10.699148
dme-miR-274-3p_MIMAT0020800	0.569701	1.385994	1.154937	0.342386	1.385219	0.648433
dme-miR-4968-3p_MIMAT0032118	0.000000	0.002997	0.000000	0.001529	0.000000	0.000000
dme-miR-983-3p_MIMAT0020880	0.023738	0.110880	0.000000	0.042798	0.201080	0.000000
dme-miR-932-5p_MIMAT0005479	659.381991	704.861262	659.873147	617.451111	607.843086	750.075090
rr139215-1a-5p-miR	0.000000	0.055440	0.115494	0.042798	0.089369	0.092633
dme-miR-2499-5p_MIMAT0012212	0.000000	0.000000	0.000000	0.000000	0.000000	0.000000
dme-miR-1014-5p_MIMAT0020907	0.047475	0.000000	0.000000	0.000000	0.000000	0.000000
dme-miR-1001-5p_MIMAT0005521	177.913026	225.639872	184.414535	207.314977	199.560922	180.658118
rr446444-1d-5p-miR	0.000000	0.005686	0.000000	0.001712	0.003575	0.004632
dme-miR-4957-3p_MIMAT0020176	0.189900	0.388078	0.230987	0.085597	0.446845	0.185267
rr817655-5b-3p-miR	8.522011	9.805712	8.188502	6.837946	6.334984	8.487196
dme-miR-375-5p_MIMAT0020853	0.237376	0.609837	0.230987	0.128395	0.134053	0.092633
dme-miR-10404-5p_MIMAT0041637_9	5.502766	5.808803	4.715737	5.037906	4.544124	5.466290
dme-miR-2491-3p_MIMAT0020912	0.000000	0.000000	0.000000	0.000000	0.000000	0.000000
rr315285-1a-3p-miR	0.284851	0.498958	0.404228	0.128395	0.268107	0.370533
dme-miR-2b-3p_MIMAT0000107_1	1010.014264	1134.105545	1106.502611	1072.571113	1143.878945	1011.717109
dme-miR-10404-5p_MIMAT0041637_3	5.502766	5.808803	4.715737	5.037906	4.544124	5.466290
dme-miR-10404-5p_MIMAT0041637_2	5.502766	5.808803	4.715737	5.037906	4.544124	5.466290
dme-miR-10404-5p_MIMAT0041637_1	5.502766	5.808803	4.715737	5.037906	4.544124	5.466290
dme-miR-10404-5p_MIMAT0041637_7	5.502766	5.808803	4.715737	5.037906	4.544124	5.466290
dme-miR-10404-5p_MIMAT0041637_6	5.502766	5.808803	4.715737	5.037906	4.544124	5.466290
dme-miR-10404-5p_MIMAT0041637_5	5.502766	5.808803	4.715737	5.037906	4.544124	5.466290
dme-miR-10404-5p_MIMAT0041637_4	5.502766	5.808803	4.715737	5.037906	4.544124	5.466290
dme-miR-2494-3p_MIMAT0012203	0.000000	0.000000	0.000000	0.000000	0.000000	0.000000
dme-miR-263b-3p_MIMAT0020822	0.023738	0.110880	0.115494	0.085597	0.089369	0.023158
dme-miR-13a-3p_MIMAT0000118	366.110746	371.031598	403.775534	401.102125	401.557148	315.443447
rr309853-1a-5p-miR	0.237376	0.277199	0.000000	0.213992	0.223422	0.324217
dme-miR-313-5p_MIMAT0020839	0.996978	0.055440	0.346481	0.171193	0.335134	0.370533
rr593300-1b-5p-miR	0.047475	0.332639	0.173241	0.128395	0.223422	0.046317
dme-miR-9379-3p_MIMAT0035222	1.091928	1.053356	1.328177	1.027159	0.804321	1.204233
rr129188-1a-3p-miR	0.617177	0.720717	0.461975	0.813168	0.625583	0.416850
dme-miR-968-5p_MIMAT0005484	0.427276	0.942476	0.692962	0.342386	0.580898	0.277900
dme-miR-210-3p_MIMAT0000355	29639.597941	33155.256714	31304.244650	31205.433597	32804.602754	33248.828545
dme-miR-997-5p_MIMAT0005517	0.000000	0.000000	0.000000	0.000000	0.000000	0.000000
dme-miR-4963-5p_MIMAT0020185	0.000000	0.000000	0.000000	0.000000	0.000000	0.000000
dme-miR-927-3p_MIMAT0020882	711.818265	766.011330	711.672063	714.988442	655.767199	915.935036
dme-miR-4963-3p_MIMAT0020186	0.522226	0.942476	0.635215	0.813168	1.072428	0.555800
rr405314-1a-3p-miR	0.237376	0.776157	0.461975	0.599176	0.134053	0.509483
dme-miR-2b-3p_MIMAT0000107	1012.126907	1135.463819	1109.505446	1074.957118	1145.636535	1013.384509
rr279401-1a-3p-miR	0.000000	0.138599	0.000000	0.000000	0.000000	0.000000
dme-miR-9371-3p_MIMAT0035206	0.284851	0.055440	0.288734	0.085597	0.357476	0.138950
dme-miR-317-3p_MIMAT0000409	3809.783717	3189.727285	3788.163866	4052.314477	4202.777146	2327.249869
rr844464-1a-3p-miR	0.142425	0.110880	0.000000	0.128395	0.044684	0.046317
dme-miR-1005-3p_MIMAT0005018	2.310456	1.422954	2.021139	1.925924	2.457647	1.343183
dme-miR-12-5p_MIMAT0000117	1272.380787	1399.965124	1252.471224	1466.077252	1521.149329	1495.773256
dme-miR-10404-3p_MIMAT0041638_8	0.036489	0.020586	0.022858	0.041327	0.045165	0.020264
dme-miR-10404-3p_MIMAT0041638_9	0.036489	0.020586	0.022858	0.041327	0.045165	0.020264
dme-miR-14-5p_MIMAT0020798	652.640524	637.751418	717.206135	666.105648	657.934397	603.783931
dme-miR-4979-3p_MIMAT0020212	0.000000	0.000000	0.000000	0.000000	0.000000	0.000000
dme-miR-9380-5p_MIMAT0035223	0.047475	0.000000	0.000000	0.000000	0.000000	0.000000
dme-miR-10404-3p_MIMAT0041638_3	0.036489	0.020586	0.022858	0.041327	0.045165	0.020264
dme-miR-2283-5p_MIMAT0011791	0.284851	0.221759	0.230987	0.128395	0.268107	0.324217
dme-miR-10404-3p_MIMAT0041638_6	0.036489	0.020586	0.022858	0.041327	0.045165	0.020264
dme-miR-10404-3p_MIMAT0041638_7	0.036489	0.020586	0.022858	0.041327	0.045165	0.020264
dme-miR-9374-5p_MIMAT0035211	0.332326	0.277199	0.230987	0.813168	0.580898	0.324217
dme-miR-10404-3p_MIMAT0041638_5	0.036489	0.020586	0.022858	0.041327	0.045165	0.020264
rr1146-1a-5p-miR	0.000000	0.027720	0.028873	0.015693	0.007447	0.000000
rr641508-1a-5p-miR	0.403539	1.330555	0.635215	0.599176	0.357476	0.694750
rr776664-1a-5p-miR	0.000000	0.000000	0.000000	0.000000	0.000000	0.000000
rr817690-5b-3p-miR	8.514098	9.805712	8.207751	6.788015	6.334984	8.464038
dme-miR-6-3-5p_MIMAT0020789	0.000000	0.000000	0.115494	0.000000	0.000000	0.000000
dme-miR-184-3p_MIMAT0000331	101466.136659	108818.431966	98075.328329	104232.141545	120993.594835	135706.042804
dme-miR-190-5p_MIMAT0005467	1674.864994	1465.411775	1491.167790	1386.764865	1101.472621	1522.729549
rr471690-1b-3p-miR	0.522226	0.277199	0.173241	0.256790	0.223422	0.231583
rr242803-1a-5p-miR	0.094950	0.055440	0.000000	0.128395	0.044684	0.000000
dme-miR-13b-2-5p_MIMAT0020797	35.843718	34.372659	38.921371	35.308600	34.943269	29.272127
dme-miR-955-3p_MIMAT0020847	0.000000	0.000000	0.000000	0.000000	0.000000	0.000000
dme-miR-956-3p_MIMAT0005469	4813.360354	326.484818	210.573854	233.336345	247.507377	602.000740
rr622889-1a-3p-miR	0.047475	0.997916	0.635215	0.220106	0.491529	0.509483
dme-miR-988-3p_MIMAT0005505	21.980982	16.299293	15.938128	11.448546	13.919218	12.690764
dme-miR-9370-5p_MIMAT0035203	4.984888	7.872448	6.236659	5.221393	5.138716	8.429631
dme-miR-963-5p_MIMAT0005477	0.284851	0.055440	0.057747	0.128395	0.044684	0.324217
rr527087-1a-5p-miR	18.096587	21.115753	18.696224	17.823160	17.172332	9.665989
dme-miR-964-5p_MIMAT0005478	0.094950	0.166319	0.230987	0.213992	0.446845	0.231583
rr494838-1a-3p-miR	0.522226	0.332639	0.288734	0.085597	0.223422	0.370533
dme-miR-985-5p_MIMAT0020883	0.000000	0.000000	0.000000	0.000000	0.000000	0.000000
dme-miR-92a-3p_MIMAT0000334	4.533874	2.106711	1.819025	1.990121	1.943775	1.783191
dme-miR-34-5p_MIMAT0000350	52083.771202	54232.848208	52760.997578	35274.104158	31761.488074	42675.124952
rr249955-1a-3p-miR	0.284851	0.498958	0.404228	0.128395	0.268107	0.370533
dme-miR-2497-5p_MIMAT0012208	0.047475	0.000000	0.000000	0.042798	0.134053	0.138950
dme-miR-277-5p_MIMAT0020804	116.741329	133.277212	109.488010	116.967761	105.946920	124.638122
dme-miR-4982-3p_MIMAT0020216	0.023738	0.000000	0.057747	0.000000	0.000000	0.000000
rr80643-2a-5p-miR	0.000000	0.000000	0.115494	0.042798	0.000000	0.000000
dme-miR-2493-5p_MIMAT0012200	0.000000	0.000000	0.000000	0.000000	0.000000	0.000000
rr903317-1a-3p-miR	0.645825	0.407701	0.862261	0.646397	0.615427	0.396804
rr167465-1a-3p-miR	0.142425	0.055440	0.346481	0.042798	0.134053	0.231583
dme-miR-9373-3p_MIMAT0035210	0.094950	0.221759	0.173241	0.213992	0.312791	0.115792
dme-miR-986-3p_MIMAT0020884	0.949502	0.887036	1.154937	0.813168	0.983059	0.741067
dme-miR-303-3p_MIMAT0020824	0.807077	0.609837	0.173241	0.342386	0.491529	0.185267
dme-miR-982-5p_MIMAT0005498	12.770808	12.030431	10.336684	10.271593	9.763561	8.244365
rr645002-1a-5p-miR	0.000000	0.055440	0.115494	0.042798	0.000000	0.208425
dme-miR-2498-3p_MIMAT0012211	0.000000	0.110880	0.000000	0.000000	0.000000	0.000000
rr884543-1b-3p-miR	8.514098	9.805712	8.207751	6.788015	6.334984	8.464038
rr462295-1a-5p-miR	0.237376	0.277199	0.115494	0.085597	0.178738	0.000000
rr481431-1a-3p-miR	0.379801	0.221759	0.173241	0.385185	0.178738	0.277900
dme-miR-2283-3p_MIMAT0020909	0.474751	0.443518	0.346481	0.299588	0.178738	0.324217
dme-miR-973-5p_MIMAT0005489	0.142425	0.055440	0.000000	0.128395	0.178738	0.092633
dme-miR-2490-3p_MIMAT0020911	0.000000	0.000000	0.000000	0.000000	0.044684	0.000000
dme-miR-133-3p_MIMAT0000340	29224.024447	34689.829604	29206.157566	39556.288318	41610.887531	24170.972343
rr885562-1b-3p-miR	0.094950	0.166319	0.230987	0.085597	0.000000	0.092633
dme-miR-4987-3p_MIMAT0020226	0.094950	0.221759	0.057747	0.042798	0.134053	0.046317
dme-miR-124-5p_MIMAT0020813	194.553056	180.733657	186.984270	194.989066	198.890655	157.708215
dme-miR-11182_MIMAT0043998	15.610641	12.728048	11.860101	11.840864	11.934829	9.271051
rr635885-1a-3p-miR	0.094950	0.221759	0.173241	0.085597	0.000000	0.046317
rr817686-1b-3p-miR	8.522011	9.805712	8.188502	6.837946	6.334984	8.487196
dme-miR-309-3p_MIMAT0000401	0.000000	0.000000	0.000000	0.000000	0.000000	0.000000
rr1170829-1a-5p-miR	0.000000	0.000000	0.000000	0.042798	0.000000	0.000000
dme-miR-4965-5p_MIMAT0020188	0.000000	0.277199	0.057747	0.042798	0.178738	0.000000
rr66138-1a-3p-miR	0.237376	0.277199	0.346481	0.213992	0.178738	0.370533
dme-miR-4944-3p_MIMAT0020154	0.000000	0.000000	0.000000	0.000000	0.000000	0.000000
dme-miR-4956-3p_MIMAT0020174	0.522226	0.166319	0.346481	0.128395	0.536214	0.741067
dme-miR-2501-5p_MIMAT0012216	0.807077	0.388078	0.519722	0.342386	0.357476	0.694750
dme-miR-4986-5p_MIMAT0020223	0.000000	0.166319	0.000000	0.000000	0.044684	0.000000
dme-miR-4977-5p_MIMAT0020208	0.000000	0.000000	0.000000	0.000000	0.000000	0.000000
dme-miR-988-5p_MIMAT0020886	118.640334	255.355590	160.160862	192.463966	199.516237	151.223883
dme-miR-977-5p_MIMAT0020874	0.189900	0.000000	0.000000	0.171193	0.134053	0.046317
rr111468-1d-5p-miR	0.000000	0.000000	0.000000	0.000000	0.000000	0.000000
rr989876-1a-5p-miR	0.189900	0.110880	0.115494	0.171193	0.044684	0.000000
rr1005758-2a-3p-miR	0.000000	0.000000	0.057747	0.042798	0.000000	0.000000
dme-miR-2489-3p_MIMAT0012196	4.427055	5.322218	4.792988	4.689624	3.860740	5.057779
dme-miR-971-5p_MIMAT0020868	7.690970	8.482285	8.142305	8.859249	9.428427	8.661215
rr496920-1a-3p-miR	0.237376	0.000000	0.230987	0.213992	0.089369	0.092633
dme-miR-995-5p_MIMAT0010206	4.652562	4.324302	3.753545	4.665015	4.379080	3.242166
dme-miR-2500-3p_MIMAT0012215	1.376779	1.385994	1.212684	1.326747	1.563957	1.065283
dme-miR-9369-3p_MIMAT0035202	0.189900	0.166319	0.230987	0.171193	0.000000	0.138950
rr1083056-1a-3p-miR	0.332326	0.831597	0.866203	0.641975	0.357476	0.555800
dme-bantam-3p_MIMAT0000365	74043.559733	60291.893235	72631.695032	76678.266253	75543.233661	86835.516998
dme-miR-307a-3p_MIMAT0000398	95.519949	94.386212	98.573857	98.778482	106.527819	79.525699
dme-miR-285-5p_MIMAT0020817	1921.033401	2270.175506	2278.574834	2098.785958	1828.936080	2442.717293
dme-miR-31b-5p_MIMAT0000389	2944.723665	3251.191512	2651.629048	2806.035040	3004.085974	3444.917101
rr76561-2a-5p-miR	0.664652	0.443518	0.404228	0.855966	0.223422	0.509483
dme-miR-285-3p_MIMAT0000356	127.803033	128.463192	124.482939	138.117255	138.104857	108.187990
dme-miR-4958-3p_MIMAT0020178	0.000000	0.055440	0.000000	0.000000	0.000000	0.000000
dme-miR-3644-5p_MIMAT0018061	0.000000	0.000000	0.000000	0.000000	0.044684	0.000000
dme-miR-87-5p_MIMAT0020821	7.501070	10.145478	7.969064	4.237032	5.094032	5.928532
dme-miR-972-3p_MIMAT0005488	0.427276	0.277199	0.519722	0.213992	0.357476	0.416850
dme-miR-4983-3p_MIMAT0020218	0.047475	0.000000	0.000000	0.000000	0.000000	0.000000
rr885562-1b-5p-miR	0.000000	0.000000	0.000000	0.085597	0.000000	0.000000
rr1098852-1a-3p-miR	0.047475	0.110880	0.000000	0.085597	0.000000	0.000000
rr1126954-1b-5p-miR	0.000000	0.000000	0.000000	0.085597	0.000000	0.000000
dme-miR-276b-5p_MIMAT0020815	120.942877	101.343903	119.016238	123.366107	133.293827	85.052820
dme-miR-1000-5p_MIMAT0005520	1601.502081	1725.923263	1766.966700	1693.421836	1756.815317	1858.262846
dme-miR-4954-3p_MIMAT0020170	0.094950	0.000000	0.115494	0.000000	0.000000	0.000000
dme-miR-980-3p_MIMAT0005496	46.573096	52.335145	47.005928	51.785946	49.689150	42.055524
dme-miR-9385-5p_MIMAT0035233	0.000000	0.000000	0.000000	0.000000	0.000000	0.000000
rr167465-1a-5p-miR	0.000000	0.000000	0.000000	0.000000	0.000000	0.000000
dme-miR-1014-3p_MIMAT0005027	0.047475	0.000000	0.000000	0.000000	0.000000	0.000000
dme-miR-125-3p_MIMAT0020831	141.665769	182.895808	155.685482	161.456596	134.768415	135.314111
dme-miR-314-3p_MIMAT0000406	6.361667	0.388078	0.057747	0.342386	0.044684	0.463167
rr568858-1a-3p-miR	0.466194	0.698837	0.623029	0.618165	0.635144	0.308574
dme-miR-4973-5p_MIMAT0020201	0.996978	0.665277	0.923949	0.727571	1.206481	0.833700
dme-miR-1006-5p_MIMAT0020903	1.614154	1.330555	1.616912	2.311108	3.261968	2.269516
dme-miR-9369-5p_MIMAT0035201	0.332326	0.000000	0.115494	0.213992	0.312791	0.231583
dme-miR-315-3p_MIMAT0020841	25.185553	23.451024	25.524104	27.925892	24.732864	17.600329
dme-miR-193-3p_MIMAT0005468	17.708221	20.346396	17.150812	20.329194	24.889260	12.783397
dme-miR-2279-3p_MIMAT0011785	0.000000	0.055440	0.000000	0.000000	0.000000	0.000000
dme-miR-1010-3p_MIMAT0005023	640.858781	833.056495	606.303328	833.447010	903.810790	771.658652
dme-miR-252-3p_MIMAT0020896	2.832682	2.291511	2.771848	3.013714	3.172599	1.605644
dme-miR-2281-5p_MIMAT0011788	0.000000	0.000000	0.000000	0.000000	0.000000	0.000000
dme-miR-959-5p_MIMAT0020854	0.189900	0.055440	0.000000	0.000000	0.089369	0.092633
rr76561-2a-3p-miR	21.340068	19.736559	19.460685	20.543185	17.873795	21.861462
rr446444-1d-3p-miR	1.323007	2.005700	1.461906	1.659156	1.824438	1.629701
rr471690-1b-5p-miR	0.000000	0.000000	0.000000	0.000000	0.000000	0.000000
dme-miR-4982-5p_MIMAT0020215	0.142425	0.000000	0.173241	0.042798	0.134053	0.092633
dme-miR-992-3p_MIMAT0005510	0.047475	0.000000	0.000000	0.000000	0.000000	0.000000
dme-miR-2492-3p_MIMAT0012199	0.569701	0.332639	0.577468	0.427983	0.491529	0.231583
rr1148444-1a-5p-miR	0.000000	0.000000	0.000000	0.000000	0.000000	0.000000
dme-miR-8-5p_MIMAT0020791	1612.991061	2004.646717	1618.355206	1364.623876	1511.005951	1911.040676
rr754903-2d-3p-miR	0.237376	0.166319	0.000000	0.085597	0.178738	0.092633
dme-miR-2280-3p_MIMAT0011787	0.189900	0.055440	0.057747	0.000000	0.000000	0.000000
rr305851-1a-3p-miR	0.142425	0.000000	0.000000	0.042798	0.000000	0.000000
dme-miR-4985-3p_MIMAT0020222	0.047475	0.000000	0.000000	0.000000	0.000000	0.000000
dme-miR-iab-8-3p_MIMAT0005464	0.000000	0.000000	0.000000	0.000000	0.000000	0.000000
dme-miR-3641-3p_MIMAT0018056	0.094950	0.277199	0.000000	0.000000	0.089369	0.000000
dme-miR-308-5p_MIMAT0020833	115.658896	174.468963	130.045885	161.204086	159.789888	134.776838
dme-miR-7-5p_MIMAT0000112	771.541971	753.260183	895.749742	911.247191	709.090687	762.804451
dme-miR-2535b-3p_MIMAT0020510	42.276598	37.754485	37.785683	36.713811	39.601627	30.406885
dme-miR-318-5p_MIMAT0020844	0.000000	0.000000	0.000000	0.000000	0.044684	0.000000
rr271302-1a-5p-miR	0.166163	0.166319	0.577468	0.342386	0.536214	0.532642
rr645045-1a-3p-miR	1.709104	2.162151	1.905646	1.198352	1.787380	1.482133
dme-miR-957-3p_MIMAT0005470	17925.785170	16670.934657	17447.441615	16343.076718	16336.462944	17491.107906
dme-miR-4984-5p_MIMAT0020219	0.000000	0.000000	0.000000	0.000000	0.044684	0.092633
dme-miR-2496-5p_MIMAT0012206	0.000000	0.000000	0.000000	0.000000	0.000000	0.000000
dme-miR-1007-3p_MIMAT0005020	17.731959	21.593791	20.442382	35.608188	39.009558	16.535046
dme-miR-9a-5p_MIMAT0000114	10773.822557	12356.240834	11379.967751	14156.094941	12871.128357	11582.012539
rr817686-1b-5p-miR	537.872455	840.727805	629.640211	832.361798	899.221471	808.249375
dme-miR-975-3p_MIMAT0020872	0.000000	0.000000	0.000000	0.000000	0.000000	0.000000
rr932052-1a-3p-miR	0.189900	0.166319	0.115494	0.042798	0.044684	0.000000
rr186599-1a-3p-miR	0.941590	0.905516	1.000945	1.490808	0.908585	0.856858
rr185274-1a-3p-miR	0.000000	0.055440	0.115494	0.042798	0.000000	0.000000
rr568858-1a-5p-miR	0.000000	0.002218	0.057747	0.001712	0.003575	0.004632
rr922716-1a-5p-miR	20.995418	17.229175	16.450232	16.880748	15.705438	12.837785
dme-miR-1011-3p_MIMAT0005024	3.798010	4.712381	3.984532	3.637856	4.557818	4.400082
rr488204-1a-3p-miR	0.094950	0.055440	0.173241	0.128395	0.134053	0.370533
dme-miR-137-3p_MIMAT0005507	172.477124	220.151335	152.913634	167.041775	212.206632	156.550298
dme-miR-959-3p_MIMAT0005473	0.237376	0.110880	0.057747	0.213992	0.134053	0.092633
dme-miR-9a-3p_MIMAT0020792	10.729378	10.034599	11.607115	12.561302	12.020127	7.711723
rr55592-1b-3p-miR	0.047475	0.000000	0.000000	0.048912	0.000000	0.000000
dme-miR-282-3p_MIMAT0020809	2.278806	2.273031	1.905646	2.610696	2.144855	1.945300
dme-miR-100-3p_MIMAT0020818	37.267972	36.812009	38.459396	36.549750	35.568852	36.682792
dme-miR-303-5p_MIMAT0000388	0.000000	0.055440	0.000000	0.000000	0.000000	0.000000
dme-miR-1001-3p_MIMAT0020901	5.198526	5.710297	6.005671	4.600818	4.133315	3.357958
dme-miR-995-3p_MIMAT0005514	5518.761566	6304.093439	5562.714651	5426.724899	5630.215657	5517.132021
dme-miR-10-3p_MIMAT0012531	2325.616404	2283.730530	2302.482026	2239.549575	2170.146828	2173.416814
dme-miR-275-5p_MIMAT0020801	169.771042	222.341206	190.997675	164.709267	162.361086	139.552085
dme-miR-998-5p_MIMAT0020898	263.202085	224.835996	286.222215	222.529774	202.241991	317.662787
dme-miR-4940-3p_MIMAT0020147	5.269739	8.260526	6.121165	5.306990	5.674930	5.789582
dme-miR-310-5p_MIMAT0020836	0.000000	0.000000	0.000000	0.000000	0.000000	0.000000
dme-miR-280-5p_MIMAT0000343	0.000000	0.000000	0.000000	0.000000	0.000000	0.000000
dme-bantam-5p_MIMAT0020823	3308.567078	3335.977403	3736.511380	3190.923742	2756.671690	5285.304806
dme-miR-960-5p_MIMAT0005474	0.142425	0.166319	0.230987	0.385185	0.178738	0.277900
rr325173-1a-3p-miR	0.955648	0.909062	0.748379	0.938665	0.787086	0.501604
dme-miR-4952-5p_MIMAT0020166	22.883010	24.033141	20.442382	23.753058	22.923142	24.987836
dme-miR-983-5p_MIMAT0005499_1	0.617177	0.970196	0.866203	1.027159	0.536214	0.741067
dme-miR-5-3p_MIMAT0020786	0.000000	0.055440	0.115494	0.171193	0.089369	0.000000
dme-miR-278-5p_MIMAT0020805	1093.304621	1375.959702	977.711757	1044.727964	1254.919152	892.105116
dme-miR-12-3p_MIMAT0020794	3.038408	2.993748	3.580304	2.653495	2.323593	2.825316
dme-miR-193-5p_MIMAT0020849	303.912004	270.823286	307.790660	306.821031	300.436153	223.338916
rr347030-1b-3p-miR	0.094950	0.055440	0.115494	0.128395	0.089369	0.000000
dme-miR-4947-5p_MIMAT0020157	0.000000	0.000000	0.000000	0.000000	0.000000	0.046317
dme-miR-4915-5p_MIMAT0020508	0.000000	0.000000	0.000000	0.085597	0.000000	0.000000
dme-miR-2494-5p_MIMAT0012202	0.000000	0.110880	0.000000	0.000000	0.000000	0.000000
rr190705-1a-5p-miR	0.000000	0.000000	0.000000	0.000000	0.000000	0.000000
dme-miR-4968-5p_MIMAT0020194	0.712127	0.831597	0.866203	1.027159	0.759636	0.648433
dme-miR-3642-3p_MIMAT0018058	0.332326	0.443518	0.230987	0.085597	0.268107	0.324217
rr435322-1a-5p-miR	0.379801	0.665277	0.230987	0.470781	0.178738	0.370533
dme-miR-92a-5p_MIMAT0020802	0.000000	0.665277	0.057747	0.299588	0.536214	0.092633
dme-miR-956-5p_MIMAT0020850	1.899005	0.221759	0.288734	0.085597	0.000000	0.463167
dme-miR-9374-3p_MIMAT0035212	0.142425	0.000000	0.000000	0.213992	0.000000	0.000000
dme-miR-1002-5p_MIMAT0005483	0.189900	0.554398	0.461975	0.128395	0.268107	0.416850
dme-miR-4962-3p_MIMAT0020184	1.376779	0.609837	0.866203	0.556378	0.849005	0.741067
dme-miR-4956-5p_MIMAT0020173	1.471729	2.273031	2.309874	1.112756	0.983059	1.389500
dme-miR-1004-5p_MIMAT0032027	69.266205	63.090461	66.986335	66.594159	62.602967	70.216051
rr201237-3a-3p-miR	0.000000	0.055440	0.346481	0.085597	0.178738	0.000000
dme-miR-282-5p_MIMAT0000346	60.673208	48.565240	56.187676	53.455080	48.795461	42.565007
dme-miR-3642-5p_MIMAT0018057	0.047475	0.110880	0.173241	0.042798	0.000000	0.046317
rr186599-1a-5p-miR	0.000000	0.000000	0.000000	0.000000	0.134053	0.000000
rr901626-1a-3p-miR	0.597395	0.332639	0.293546	0.431550	0.569727	0.339655
rr767199-3a-5p-miR	31.231133	32.578060	27.342671	31.109831	30.810302	26.463628
dme-miR-33-5p_MIMAT0000342	26935.264564	30448.631603	29243.866253	28432.538709	26122.797259	29881.638513
rr817650-3a-3p-miR	8.374838	9.428721	7.853570	6.380004	6.013255	8.297298
rr363371-1a-3p-miR	0.000000	0.000000	0.000000	0.042798	0.000000	0.000000
dme-miR-3641-5p_MIMAT0018055	0.047475	0.055440	0.000000	0.042798	0.000000	0.000000
dme-miR-4983-5p_MIMAT0020217	0.000000	0.110880	0.000000	0.000000	0.044684	0.000000
dme-miR-957-5p_MIMAT0020851	1.661629	1.940392	1.674658	1.497941	1.072428	2.130566
dme-miR-4966-3p_MIMAT0020191	0.118688	0.240239	0.173241	0.021399	0.156396	0.092633
rr413031-1a-3p-miR	0.617177	1.718633	1.212684	0.898764	0.402160	0.555800
dme-miR-9375-5p_MIMAT0035213	0.522226	0.277199	0.288734	0.427983	0.089369	0.185267
dme-miR-4919-3p_MIMAT0032117	53.219614	44.647496	49.084814	29.573627	25.604211	40.666024
rr190705-1a-3p-miR	0.047475	0.000000	0.173241	0.042798	0.312791	0.046317
rr439710-1a-3p-miR	0.094950	0.166319	0.115494	0.128395	0.312791	0.231583
rr593300-1b-3p-miR	0.000000	0.110880	0.000000	0.000000	0.000000	0.000000
dme-miR-124-3p_MIMAT0000351	416.000770	455.992125	410.984264	448.975593	504.219759	320.488103
rr936447-1a-3p-miR	0.047475	0.055440	0.057747	0.042798	0.089369	0.150529
dme-miR-966-5p_MIMAT0005481	19.409717	24.712278	20.281357	19.525079	19.067444	23.271547
dme-miR-286-5p_MIMAT0020820	0.094950	0.000000	0.000000	0.000000	0.044684	0.000000
rr940258-1a-5p-miR	0.071213	0.221759	0.144367	0.684773	0.201080	0.370533
rr782755-1a-5p-miR	0.047475	0.110880	0.000000	0.171193	0.044684	0.046317
dme-miR-1015-3p_MIMAT0005028	0.522226	0.166319	0.057747	0.256790	0.044684	0.138950
dme-miR-289-5p_MIMAT0000364	0.000000	0.000000	0.000000	0.003567	0.000000	0.000000
dme-miR-10404-3p_MIMAT0041638	0.036489	0.020586	0.022858	0.041327	0.045165	0.020264
dme-miR-305-3p_MIMAT0020827	6633.010629	6194.230291	6296.138024	6342.729835	6847.071073	5285.170487
dme-miR-309-5p_MIMAT0020835	0.094950	0.110880	0.057747	0.042798	0.044684	0.000000
rr111469-1a-3p-miR	0.854552	1.385994	0.346481	0.898764	0.759636	0.926333
dme-miR-2a-2-5p_MIMAT0020781	346.196514	366.346014	345.152866	325.174370	287.142518	332.870089
dme-miR-9376-3p_MIMAT0035216	0.000000	0.000000	0.000000	0.000000	0.000000	0.000000
dme-miR-2497-3p_MIMAT0012209	0.047475	0.027720	0.115494	0.171193	0.134053	0.046317
dme-miR-4965-3p_MIMAT0020189	0.000000	0.000000	0.000000	0.000000	0.000000	0.000000
dme-miR-4941-5p_MIMAT0020148	0.047475	0.092400	0.057747	0.042798	0.000000	0.092633
dme-miR-306-3p_MIMAT0000394	22.906747	19.015842	25.235369	22.640302	21.493239	14.497113
rr1192978-1a-3p-miR	0.047475	0.000000	0.000000	0.000000	0.000000	0.092633
rr446445-3a-5p-miR	0.000000	0.002218	0.057747	0.001712	0.003575	0.004632
dme-miR-970-5p_MIMAT0020867	1.661629	1.607753	1.732405	1.583537	2.144855	1.806350
dme-miR-317-5p_MIMAT0020843	381.771206	355.341219	405.989162	386.939453	401.691202	268.034490
dme-miR-963-3p_MIMAT0020858	0.000000	0.110880	0.057747	0.042798	0.000000	0.046317
dme-miR-990-5p_MIMAT0005508	161.486633	234.177597	169.198243	158.738904	163.232433	175.262227
rr602190-1a-3p-miR	0.157489	0.110880	0.108619	0.028532	0.071097	0.123511
dme-miR-316-3p_MIMAT0020842	0.237376	0.221759	0.115494	0.342386	0.446845	0.185267
rr105567-1a-5p-miR	1.329303	0.609837	0.692962	0.641975	0.849005	0.370533
dme-miR-2499-3p_MIMAT0012213	0.522226	0.665277	0.635215	0.513580	0.424503	0.324217
dme-miR-9378-5p_MIMAT0035219	7.026318	6.597333	7.333849	7.532501	7.194203	7.827515
dme-miR-286-3p_MIMAT0000359	44.294290	44.684456	44.176333	33.596667	36.909387	44.371357
dme-miR-31a-3p_MIMAT0020834	1.899005	2.162151	1.905646	1.241151	2.904492	1.945300
dme-miR-100-5p_MIMAT0000357	348.087606	384.447099	286.077848	293.938742	332.296193	290.498068
dme-miR-281-1-5p_MIMAT0000344	4047.610349	3560.397601	3701.225998	3171.718003	3215.808524	4061.461271
dme-miR-9375-3p_MIMAT0035214	0.094950	0.166319	0.173241	0.042798	0.134053	0.138950
dme-miR-991-5p_MIMAT0020890	0.000000	0.000000	0.000000	0.000000	0.000000	0.000000
dme-miR-9385-3p_MIMAT0035234	0.000000	0.000000	0.057747	0.000000	0.000000	0.000000
dme-miR-4950-3p_MIMAT0020163	0.189900	0.221759	0.115494	0.128395	0.089369	0.324217
dme-miR-996-5p_MIMAT0020895	139.624338	149.521065	161.864394	156.406397	145.001163	162.803047
dme-miR-989-5p_MIMAT0020887	0.094950	0.000000	0.000000	0.000000	0.000000	0.000000
dme-miR-978-3p_MIMAT0005494	0.902027	0.942476	0.923949	0.470781	0.357476	0.231583
dme-miR-313-3p_MIMAT0000405	1.566679	0.498958	0.230987	0.492180	0.580898	0.277900
rr594676-1b-5p-miR	1.281828	0.776157	0.635215	0.984361	0.938374	0.880016
dme-miR-312-3p_MIMAT0000404	168.323051	49.563156	33.839649	29.595026	36.194435	42.981857
dme-miR-1010-5p_MIMAT0020905	12.177369	9.064403	10.452178	10.699576	11.841389	10.027556
rr279401-1a-5p-miR	0.094950	0.277199	0.173241	0.085597	0.044684	0.000000
dme-miR-1006-3p_MIMAT0005019	33.485787	40.712765	34.962825	48.155223	46.032470	34.158534
dme-miR-1003-5p_MIMAT0020902	1.068190	1.330555	1.790152	1.198352	1.161797	0.988089
dme-miR-11-3p_MIMAT0000116	34865.730757	33132.581847	32174.508786	24862.339977	21835.983486	32311.649603
rr791328-2a-3p-miR	0.000000	0.000000	0.057747	0.042798	0.000000	0.000000
dme-miR-79-5p_MIMAT0020814	1.139403	1.912672	1.674658	1.840327	1.787380	1.574766
dme-miR-999-5p_MIMAT0020899	0.332326	0.665277	0.404228	0.770369	0.670267	0.926333
dme-miR-2490-5p_MIMAT0012197	0.005934	0.027720	0.065996	0.005350	0.012767	0.006617
dme-miR-316-5p_MIMAT0000408	597.379480	582.551885	563.262683	535.406765	519.501854	613.440954
dme-miR-9372-3p_MIMAT0035208	0.094950	0.388078	0.173241	0.213992	0.178738	0.092633
dme-miR-2492-5p_MIMAT0020913	0.000000	0.000000	0.000000	0.000000	0.000000	0.000000
dme-miR-2c-5p_MIMAT0020845	29.244676	34.483538	30.201598	33.404075	33.625077	39.021783
dme-miR-275-3p_MIMAT0000333	477.718431	678.194731	475.429738	473.113835	545.284803	438.062935
dme-miR-976-5p_MIMAT0020873	0.000000	0.000000	0.000000	0.000000	0.000000	0.000000
dme-miR-375-3p_MIMAT0005472	113.576321	131.438460	114.184753	140.357033	123.917532	140.571052
rr111468-1d-3p-miR	0.094950	0.110880	0.000000	0.085597	0.134053	0.324217
dme-miR-210-5p_MIMAT0020816	17.870428	25.086497	19.046833	21.994761	24.468481	13.308319
dme-miR-9b-5p_MIMAT0000395	737.383619	846.787078	838.888353	928.830161	829.336644	723.558804
dme-miR-4955-3p_MIMAT0020172	0.000000	0.166319	0.000000	0.042798	0.000000	0.046317
dme-miR-9383-3p_MIMAT0035230	9.756138	10.034599	8.026811	5.991762	6.836727	6.831707
dme-miR-4916-3p_MIMAT0020509	2.231331	1.164235	1.905646	1.626335	1.474588	1.343183
dme-miR-92b-5p_MIMAT0020819	0.000000	0.000000	0.000000	0.085597	0.000000	0.000000
dme-miR-4971-5p_MIMAT0020198	0.379801	0.498958	0.519722	0.427983	0.268107	0.648433
rr68215-1a-5p-miR	0.000000	0.000000	0.115494	0.042798	0.000000	0.000000
dme-miR-10-5p_MIMAT0000115	5833.885611	4619.435846	4156.184481	4027.427264	4341.768245	3454.612721
rr126254-1a-5p-miR	0.047475	0.000000	0.000000	0.042798	0.178738	0.092633
rr413031-1a-5p-miR	0.047475	0.000000	0.000000	0.085597	0.000000	0.000000
dme-miR-10404-5p_MIMAT0041637_8	5.502766	5.808803	4.715737	5.037906	4.544124	5.466290
rr272671-1a-5p-miR	0.000000	0.000000	0.000000	0.000000	0.000000	0.000000
dme-miR-4909-3p_MIMAT0020515	0.094950	0.221759	0.115494	0.085597	0.134053	0.185267
dme-miR-263a-5p_MIMAT0000319	37912.735620	55204.461233	37609.796096	35188.230383	41394.526306	42822.699192
dme-miR-9383-5p_MIMAT0035229	0.000000	0.000000	0.000000	0.042798	0.000000	0.000000
dme-miR-9379-5p_MIMAT0035221	0.000000	0.000000	0.000000	0.000000	0.000000	0.046317
dme-miR-4964-3p_MIMAT0020187	0.142425	0.221759	0.173241	0.213992	0.089369	0.138950
dme-miR-4948-5p_MIMAT0020158	0.000000	0.000000	0.000000	0.000000	0.000000	0.000000
dme-miR-971-3p_MIMAT0005487	25.494141	22.009590	28.238205	27.990090	29.178970	22.602528
dme-miR-4969-3p_MIMAT0020196	0.000000	0.000000	0.000000	0.000000	0.000000	0.000000
dme-miR-283-3p_MIMAT0020810	2.444969	2.411630	2.685228	2.781890	2.055486	3.867441
dme-miR-3645-5p_MIMAT0018063	0.712127	1.164235	1.097190	0.770369	0.446845	0.416850
dme-miR-311-3p_MIMAT0000403	67.058612	15.634016	8.200051	8.816450	7.641047	9.263331
dme-miR-1017-3p_MIMAT0005030	13.055659	10.755316	9.470482	11.855130	13.628769	8.753848
rr753053-1b-5p-miR	0.047475	0.332639	0.173241	0.128395	0.223422	0.046317
rr884543-1b-5p-miR	537.856630	840.716717	629.605563	832.319000	899.194660	808.196883
rr940206-1a-3p-miR	0.047475	0.000000	0.000000	0.000000	0.000000	0.092633
dme-miR-4969-5p_MIMAT0020195	4.747512	4.435182	5.197216	5.135796	5.138716	3.659016
dme-miR-954-3p_MIMAT0020846	0.569701	0.554398	0.635215	1.112756	1.608642	0.880016
dme-miR-9377-5p_MIMAT0035217	0.094950	0.166319	0.057747	0.085597	0.044684	0.138950
dme-miR-274-5p_MIMAT0000332	9273.933065	9359.619516	10152.703023	10958.569561	11249.945355	4690.186721
rr817690-5b-5p-miR	537.939711	840.824825	629.596900	832.518725	899.359248	808.550433
dme-miR-992-5p_MIMAT0020891	0.000000	0.000000	0.000000	0.000000	0.000000	0.000000
dme-miR-962-5p_MIMAT0005476	0.000000	0.221759	0.115494	0.128395	0.134053	0.092633
dme-miR-4959-5p_MIMAT0020179	0.000000	0.000000	0.000000	0.000000	0.000000	0.000000
rr482594-1a-3p-miR	0.474751	0.055440	0.173241	0.256790	0.357476	0.231583
dme-miR-4949-3p_MIMAT0020161	0.000000	0.055440	0.057747	0.085597	0.089369	0.046317
rr794157-1a-3p-miR	76.904501	66.925529	58.851616	87.092134	94.601972	65.494638
dme-miR-9371-5p_MIMAT0035205	0.047475	0.055440	0.173241	0.171193	0.089369	0.138950
dme-miR-8-3p_MIMAT0000113	201207.098539	181590.635625	210342.577936	197554.738984	183581.011863	192859.823978
dme-miR-306-5p_MIMAT0000393	1250.637180	1316.860905	1282.037607	2052.734984	2192.198623	1354.113762
dme-miR-318-3p_MIMAT0000410	616.563386	16.132974	14.725444	12.208216	12.031298	50.994639
rr426499-1a-3p-miR	1.206659	1.524594	1.549540	1.344580	1.724076	1.242830
dme-miR-190-3p_MIMAT0020848	2.326281	2.106711	2.540861	2.097117	2.591700	2.408466
dme-miR-9388-5p_MIMAT0035238	0.000000	0.000000	0.000000	0.000000	0.000000	0.000000
dme-miR-4939-3p_MIMAT0020145	0.000000	0.000000	0.000000	0.000000	0.000000	0.000000
dme-miR-314-5p_MIMAT0020840	0.522226	0.055440	0.000000	0.000000	0.000000	0.509483
dme-miR-9377-3p_MIMAT0035218	0.000000	0.000000	0.000000	0.000000	0.089369	0.000000
dme-miR-958-3p_MIMAT0005471	5.578327	0.000000	0.057747	0.042798	0.134053	0.463167
dme-miR-968-3p_MIMAT0020865	0.000000	0.000000	0.000000	0.000000	0.000000	0.000000
dme-miR-1-3p_MIMAT0000105	455.784924	431.241732	541.376630	502.559068	493.182690	611.495654
rr498327-1a-3p-miR	0.237376	0.443518	0.057747	0.085597	0.357476	0.046317
dme-miR-932-3p_MIMAT0020860	61.741398	76.340566	65.080689	55.552197	63.764764	65.862285
rr72502-1d-3p-miR	4.652562	4.176463	4.735241	4.836208	5.362139	5.511682
dme-miR-4961-5p_MIMAT0020181	0.807077	0.711477	0.736272	0.538545	0.837834	0.768085
dme-miR-2c-3p_MIMAT0000411	167.322908	169.180932	174.805461	184.941452	197.174770	155.353013
rr261408-1b-3p-miR	0.094950	0.055440	0.346481	0.042798	0.000000	0.000000
dme-miR-927-5p_MIMAT0005501	5028.137813	4632.719215	4226.088956	4600.890279	5306.425902	3815.589301
dme-miR-997-3p_MIMAT0020897	0.000000	0.000000	0.000000	0.000000	0.000000	0.000000
rr474735-1a-5p-miR	0.308588	0.415798	0.230987	0.278189	0.446845	0.277900
rr791723-1a-3p-miR	0.189900	0.221759	0.115494	0.342386	0.268107	0.000000
rr534498-1a-5p-miR	0.223133	0.242549	0.222325	0.285679	0.278055	0.182951
dme-miR-87-3p_MIMAT0000361	14.930926	13.360985	14.321216	14.508625	12.735079	11.857064
rr315285-1a-5p-miR	0.047475	0.000000	0.000000	0.000000	0.044684	0.046317
dme-miR-4944-5p_MIMAT0020153	0.000000	0.000000	0.000000	0.000000	0.000000	0.000000
dme-miR-287-3p_MIMAT0000360	0.000000	0.000000	0.000000	0.000000	0.000000	0.000000
dme-miR-4986-3p_MIMAT0020224	5.174788	5.599417	4.677494	5.563779	6.166459	5.557999
rr309853-1a-3p-miR	0.094950	0.194039	0.057747	0.299588	0.446845	0.138950
dme-miR-92b-3p_MIMAT0000358	496.186254	498.902509	369.204425	254.029325	226.930171	363.840493
dme-miR-2281-3p_MIMAT0011789	0.000000	0.000000	0.000000	0.000000	0.000000	0.000000
dme-miR-4976-3p_MIMAT0020207	0.000000	0.000000	0.057747	0.000000	0.044684	0.000000
dme-miR-4967-3p_MIMAT0020193	0.000000	0.055440	0.115494	0.000000	0.089369	0.000000
rr603574-1d-3p-miR	0.759602	0.277199	0.057747	0.256790	0.446845	0.602117
dme-miR-9372-5p_MIMAT0035207	0.189900	0.277199	0.173241	0.128395	0.044684	0.092633
dme-miR-965-5p_MIMAT0020861	15.144564	12.252190	16.631090	17.632901	18.275955	15.330813
dme-miR-979-5p_MIMAT0020876	0.000000	0.000000	0.000000	0.000000	0.000000	0.000000
dme-miR-2a-3p_MIMAT0000106_1	1225.242737	1333.222106	1242.409800	1281.191439	1378.479952	1127.350501
dme-miR-977-3p_MIMAT0005493	0.000000	0.000000	0.000000	0.085597	0.089369	0.185267
dme-miR-4975-5p_MIMAT0020205	2.801032	2.328470	2.858469	2.867486	2.278909	3.010583
dme-miR-284-5p_MIMAT0020811	7669.487527	8878.513174	8637.743535	7518.228012	7243.735270	8987.608197
dme-miR-276b-3p_MIMAT0000354	44030.043762	42343.678214	44995.212086	46168.305073	45460.165695	40746.684652
rr817655-5b-5p-miR	537.939711	840.824825	629.596900	832.518725	899.359248	808.550433
dme-miR-981-5p_MIMAT0020878	306.784249	361.522754	340.417625	300.358487	282.137855	317.593312
dme-miR-9c-5p_MIMAT0000392	2427.260643	2490.798078	2435.617367	2219.926553	2063.916906	2530.695781
rr922319-1a-5p-miR	0.000000	0.000000	0.000000	0.042798	0.000000	0.000000
dme-miR-1013-3p_MIMAT0005026	74.733757	74.742053	74.002576	73.869870	66.289437	64.966830
dme-miR-4961-3p_MIMAT0020182	0.807077	1.108795	0.461975	0.385185	0.938374	0.555800
rr55592-1b-5p-miR	0.237376	0.221759	0.115494	0.042798	0.134053	0.046317
dme-miR-961-3p_MIMAT0020856	0.142425	0.000000	0.000000	0.000000	0.000000	0.000000
dme-miR-4972-3p_MIMAT0020200	0.617177	0.443518	0.981696	0.727571	0.759636	0.092633
dme-miR-4981-3p_MIMAT0020214	39.736678	38.419762	40.769269	35.693784	35.568852	44.510307
dme-miR-4951-3p_MIMAT0020165	0.110775	0.000000	0.057747	0.128395	0.312791	0.138950
dme-miR-964-3p_MIMAT0020859	0.094950	0.166319	0.057747	0.042798	0.000000	0.046317
rr795601-1a-5p-miR	0.189900	0.055440	0.028873	0.064197	0.111711	0.069475
dme-miR-9384-3p_MIMAT0035232	0.000000	0.000000	0.000000	0.000000	0.000000	0.000000
dme-miR-9378-3p_MIMAT0035220	0.000000	0.000000	0.000000	0.000000	0.000000	0.000000
rr249955-1a-5p-miR	0.047475	0.000000	0.000000	0.000000	0.044684	0.046317
dme-miR-10404-3p_MIMAT0041638_1	0.036489	0.020586	0.022858	0.041327	0.045165	0.020264
dme-miR-984-3p_MIMAT0020881	0.332326	0.720717	0.230987	0.513580	0.312791	0.416850
rr635885-1a-5p-miR	0.000000	0.000000	0.000000	0.000000	0.000000	0.000000
rr363371-1a-5p-miR	0.237376	0.277199	0.115494	0.085597	0.178738	0.000000
dme-miR-2496-3p_MIMAT0012207	0.000000	0.000000	0.000000	0.042798	0.000000	0.000000
dme-miR-4945-5p_MIMAT0020155	0.047475	0.000000	0.000000	0.042798	0.000000	0.000000
dme-miR-4919-5p_MIMAT0020513	0.094950	0.055440	0.000000	0.085597	0.044684	0.092633
dme-miR-4914-5p_MIMAT0020507	0.000000	0.000000	0.000000	0.000000	0.022342	0.000000
dme-miR-986-5p_MIMAT0005503	1752.591662	1834.723816	1841.373504	1716.597116	1599.794028	1821.796199
dme-miR-312-5p_MIMAT0020838	0.569701	0.637557	0.461975	0.213992	0.134053	0.069475
dme-miR-999-3p_MIMAT0005519	33934.221357	43334.192901	33953.554200	35442.429882	32408.988642	37503.360797
rr306431-1a-3p-miR	0.902027	0.665277	0.981696	0.898764	1.161797	1.204233
rr817694-3b-3p-miR	8.514098	9.805712	8.207751	6.788015	6.334984	8.464038
dme-miR-4912-5p_MIMAT0020505	0.047475	0.332639	0.057747	0.042798	0.000000	0.000000
dme-miR-4950-5p_MIMAT0020162	0.000000	0.055440	0.057747	0.000000	0.000000	0.000000
rr243871-1a-3p-miR	0.000000	0.000000	0.000000	0.000000	0.000000	0.000000
dme-miR-3-5p_MIMAT0020784	0.000000	0.000000	0.000000	0.000000	0.000000	0.000000
dme-miR-4918-5p_MIMAT0020512	0.000000	0.000000	0.000000	0.000000	0.000000	0.000000
rr776664-1a-3p-miR	0.047475	0.166319	0.057747	0.128395	0.178738	0.046317
rr139215-1a-3p-miR	0.142425	0.388078	0.115494	0.342386	0.424503	0.277900
dme-miR-252-5p_MIMAT0005516	2704.325464	2888.938801	3062.834675	2750.903694	2681.024576	2780.319400
dme-miR-4958-5p_MIMAT0020177	0.142425	0.277199	0.115494	0.085597	0.223422	0.092633
dme-miR-4951-5p_MIMAT0020164	32.947736	37.588165	39.903067	34.581028	29.044917	37.377542
dme-miR-976-3p_MIMAT0005492	0.996978	0.665277	1.385924	0.727571	1.072428	0.787383
rr514885-1a-5p-miR	0.000000	0.000000	0.057747	0.000000	0.000000	0.000000
rr817694-3b-5p-miR	537.908061	840.806345	629.539154	832.518725	899.284774	808.442361
dme-miR-4966-5p_MIMAT0020190	0.118688	0.055440	0.028873	0.128395	0.111711	0.069475
rr86559-1a-3p-miR	0.000000	0.000000	0.000000	0.000000	0.044684	0.000000
dme-miR-279-5p_MIMAT0020807	0.379801	0.277199	0.230987	0.299588	0.580898	0.138950
dme-miR-307b-5p_MIMAT0012194	0.047475	0.055440	0.000000	0.000000	0.000000	0.000000
dme-miR-4908-3p_MIMAT0020514	0.000000	0.000000	0.000000	0.000000	0.000000	0.000000
dme-miR-281-2-5p_MIMAT0000349	3985.987638	3519.926567	3702.958403	3118.070331	3118.932555	4051.503190
rr529174-1a-5p-miR	5.942303	7.318050	5.577382	5.524548	5.295112	9.027888
dme-miR-991-3p_MIMAT0005509	1.804055	1.219675	1.732405	1.198352	0.312791	1.713716
dme-miR-284-3p_MIMAT0000348	12.960709	12.529388	13.570508	13.053482	9.517796	7.364348
rr1122500-1a-5p-miR	0.189900	0.166319	0.057747	0.256790	0.223422	0.185267
dme-miR-1016-5p_MIMAT0020908	1.139403	1.275115	1.039443	1.112756	1.161797	1.389500
dme-miR-1008-5p_MIMAT0032028	16.331443	21.288872	18.940964	19.944009	18.946223	19.615104
dme-miR-4973-3p_MIMAT0020202	0.000000	0.000000	0.000000	0.000000	0.000000	0.000000
dme-miR-1012-5p_MIMAT0020906	240.698877	228.439581	256.800200	229.527296	213.792931	278.525212
dme-miR-990-3p_MIMAT0020889	0.047475	0.000000	0.057747	0.171193	0.044684	0.000000
dme-miR-993-3p_MIMAT0005512	656.533484	733.024666	718.255203	588.433862	571.335859	597.114332
dme-miR-311-5p_MIMAT0020837	1.281828	0.166319	0.173241	0.342386	0.089369	0.602117
dme-miR-11-5p_MIMAT0020793	2151.999877	2148.291167	1905.559118	1818.264484	1769.416343	1594.335100
dme-miR-iab-4-3p_MIMAT0000413	0.000000	0.000000	0.000000	0.000000	0.000000	0.000000
dme-miR-4978-5p_MIMAT0020210	0.094950	0.000000	0.173241	0.042798	0.089369	0.046317
dme-miR-972-5p_MIMAT0020869	0.000000	0.000000	0.000000	0.000000	0.000000	0.000000
rr105567-1a-3p-miR	0.332326	0.166319	0.115494	0.256790	0.625583	0.231583
rr201237-3a-5p-miR	0.047475	0.000000	0.000000	0.000000	0.000000	0.000000
rr901626-1a-5p-miR	0.011869	0.000000	0.000000	0.053498	0.000000	0.011579
dme-miR-2495-5p_MIMAT0012204	0.047475	0.000000	0.000000	0.042798	0.000000	0.046317
dme-miR-4984-3p_MIMAT0020220	0.427276	0.609837	0.692962	0.813168	0.759636	0.880016
rr325173-1a-5p-miR	0.002499	0.000000	0.000000	0.000000	0.000000	0.000000
dme-miR-6-1-5p_MIMAT0020787	0.142425	0.110880	0.000000	0.000000	0.044684	0.092633
rr594676-1b-3p-miR	0.237376	0.166319	0.000000	0.085597	0.178738	0.092633
rr269542-1a-3p-miR	1.304209	1.629533	1.619799	1.642028	1.158818	1.216915
dme-miR-304-5p_MIMAT0000390	27.915373	24.726138	26.361433	32.034529	31.614275	22.463578
rr446445-3a-3p-miR	0.466194	0.698837	0.623029	0.618165	0.635144	0.308574
dme-miR-967-3p_MIMAT0020863	0.142425	0.277199	0.288734	0.085597	0.223422	0.231583
dme-miR-974-5p_MIMAT0005490	0.142425	0.221759	0.346481	0.171193	0.268107	0.138950
dme-miR-133-5p_MIMAT0020806	32.378034	34.317219	35.283320	35.650986	32.887783	33.533259
dme-miR-4943-5p_MIMAT0020151	0.047475	0.554398	0.057747	0.070311	0.089369	0.046317
rr900379-1a-5p-miR	0.531269	0.505558	0.540620	0.567587	0.679045	0.560652
dme-miR-4955-5p_MIMAT0020171	0.000000	0.000000	0.000000	0.000000	0.000000	0.000000
dme-miR-304-3p_MIMAT0020826	6.504092	8.094207	6.467646	8.067480	7.641047	7.179082
dme-miR-4970-5p_MIMAT0020197	0.000000	0.000000	0.000000	0.000000	0.000000	0.000000
dme-miR-1009-3p_MIMAT0005022	15.666791	14.968738	15.245166	17.162119	13.762822	12.482339
dme-miR-9376-5p_MIMAT0035215	0.000000	0.000000	0.000000	0.000000	0.000000	0.000000
dme-miR-4962-5p_MIMAT0020183	0.142425	0.166319	0.000000	0.106996	0.022342	0.046317
dme-miR-281-3p_MIMAT0000345	165.379593	153.309450	149.188963	163.938898	145.861339	122.322289
dme-miR-960-3p_MIMAT0020855	0.142425	0.221759	0.000000	0.000000	0.134053	0.000000
dme-miR-308-3p_MIMAT0000399	146.342068	216.021072	159.987622	188.569321	181.575416	146.430109
dme-miR-961-5p_MIMAT0005475	0.427276	0.332639	0.057747	0.171193	0.357476	0.231583
dme-miR-307b-3p_MIMAT0012195	0.000000	0.055440	0.000000	0.000000	0.044684	0.000000
dme-miR-219-3p_MIMAT0020803	4.557612	3.603585	4.215519	4.408225	4.602502	2.362149
dme-miR-13a-5p_MIMAT0020795	1.329303	1.718633	1.443671	2.097117	1.966117	1.852666
dme-miR-9b-3p_MIMAT0020829	45.172580	43.270742	48.391852	48.511876	50.001942	31.495326
dme-miR-10404-5p_MIMAT0041637	5.502766	5.808803	4.715737	5.037906	4.544124	5.466290
dme-miR-929-5p_MIMAT0020892	397.699110	440.635308	426.575911	480.496543	486.167226	369.097434
dme-miR-283-5p_MIMAT0000347	544.587143	523.905846	529.769515	512.038892	463.422822	494.082931
dme-miR-984-5p_MIMAT0005500	0.332326	0.498958	0.577468	0.684773	0.402160	0.694750
dme-miR-9388-3p_MIMAT0035239	0.028485	0.040656	0.040423	0.059918	0.035748	0.046317
rr1098852-1a-5p-miR	0.000000	0.110880	0.000000	0.085597	0.089369	0.000000
rr626972-1a-3p-miR	1.879583	2.065885	1.704844	1.823013	1.601262	2.612330
dme-miR-4910-5p_MIMAT0020503	0.000000	0.000000	0.000000	0.085597	0.000000	0.000000
dme-miR-9382-5p_MIMAT0035227	0.237376	0.443518	0.057747	0.470781	0.178738	0.231583
dme-miR-978-5p_MIMAT0020875	0.000000	0.000000	0.000000	0.000000	0.000000	0.000000
rr627154-1a-5p-miR	0.189900	0.055440	0.000000	0.021399	0.000000	0.046317
dme-miR-974-3p_MIMAT0020871	0.000000	0.000000	0.000000	0.000000	0.000000	0.000000
dme-miR-9381-3p_MIMAT0035226	1.851530	2.494790	1.443671	1.626335	1.340535	1.250550
rr505492-1a-3p-miR	1.376779	2.882868	2.021139	2.268310	1.653326	1.898983
dme-miR-4940-5p_MIMAT0020146	9.020273	8.426845	9.412735	7.532501	8.311315	8.522265
dme-miR-4949-5p_MIMAT0020160	0.154294	0.097020	0.115494	0.213992	0.156396	0.050948
dme-miR-1012-3p_MIMAT0005025	89.419395	72.321183	77.294146	81.487968	83.202516	68.664443
dme-miR-1000-3p_MIMAT0020900	14.432438	19.403920	14.725444	14.679818	14.969303	18.920354
rr196830-1a-5p-miR	6.219241	8.094207	7.304975	7.874888	5.161058	5.743265
dme-miR-4954-5p_MIMAT0020169	0.000000	0.000000	0.000000	0.000000	0.000000	0.000000
dme-miR-2501-3p_MIMAT0012217	0.047475	0.000000	0.000000	0.000000	0.044684	0.046317
dme-miR-983-5p_MIMAT0005499	0.617177	0.970196	0.866203	1.027159	0.536214	0.741067
dme-miR-263b-5p_MIMAT0000362	96.770127	135.827442	67.159576	73.598814	87.693307	140.416663
dme-miR-2280-5p_MIMAT0011786	0.000000	0.000000	0.000000	0.000000	0.089369	0.000000
dme-miR-3643-3p_MIMAT0018060	0.000000	0.000000	0.000000	0.000000	0.000000	0.000000
dme-miR-982-3p_MIMAT0020879	0.142425	0.221759	0.057747	0.213992	0.134053	0.138950
rr901627-1a-5p-miR	0.011869	0.000000	0.000000	0.053498	0.000000	0.011579
rr780129-1a-3p-miR	0.759602	0.443518	0.346481	0.171193	0.312791	0.370533
dme-miR-989-3p_MIMAT0005506	26.396169	0.388078	0.115494	0.342386	0.402160	0.416850
dme-miR-4957-5p_MIMAT0020175	0.221551	0.166319	0.115494	0.085597	0.245765	0.046317
dme-miR-4987-5p_MIMAT0020225	0.094950	0.000000	0.000000	0.042798	0.178738	0.092633
rr525331-1a-5p-miR	0.047475	0.000000	0.000000	0.085597	0.000000	0.000000
rr272671-1a-3p-miR	0.000000	0.000000	0.000000	0.213992	0.134053	0.231583
rr676198-1a-3p-miR	0.000000	0.000000	0.000000	0.000000	0.000000	0.000000
dme-miR-4-3p_MIMAT0000109	0.427276	0.443518	0.519722	1.326747	1.876748	0.463167
dme-miR-9381-5p_MIMAT0035225	1.471729	1.164235	1.790152	1.369546	0.625583	1.157916
dme-miR-iab-4-5p_MIMAT0000412	0.237376	0.166319	0.173241	0.427983	0.312791	0.648433
rr817650-3a-5p-miR	537.908061	840.832217	629.770141	832.524432	899.311585	808.544258
dme-miR-278-3p_MIMAT0000339	5199.523010	4780.654703	5434.728404	5403.307094	5256.772499	4028.576445
rr505492-1a-5p-miR	0.000000	0.055440	0.115494	0.042798	0.000000	0.208425
rr117045-1a-5p-miR	0.047475	0.000000	0.000000	0.085597	0.223422	0.185267
rr23497-1a-5p-miR	0.242123	0.138599	0.360918	0.457942	0.446845	0.173687
dme-miR-4985-5p_MIMAT0020221	1.566679	1.441434	1.328177	1.669134	1.295850	1.528450
dme-miR-4917-3p_MIMAT0020511	0.000000	0.000000	0.000000	0.000000	0.000000	0.000000
rr72502-1d-5p-miR	0.000000	0.000000	0.000000	0.000000	0.000000	0.000000
rr940206-1a-5p-miR	0.047475	0.110880	0.230987	0.128395	0.134053	0.046317
rr86559-1a-5p-miR	0.047475	0.110880	0.000000	0.000000	0.044684	0.046317
dme-miR-958-5p_MIMAT0020852	7.738445	0.000000	0.057747	0.042798	0.089369	0.370533
rr109208-1a-3p-miR	0.237376	0.110880	0.000000	0.171193	0.312791	0.092633
dme-let-7-3p_MIMAT0020830	14.835976	16.687371	16.428976	18.103682	17.538661	11.926539
dme-miR-2b-2-5p_MIMAT0020783	237.735072	299.812347	243.935716	263.591179	244.606609	283.863207
dme-miR-7-3p_MIMAT0020790	9.732400	14.137142	11.029647	12.753894	13.248951	10.606514
dme-miR-276a-5p_MIMAT0000336	120.942877	101.343903	119.016238	123.366107	133.293827	85.052820
dme-miR-4967-5p_MIMAT0020192	0.000000	0.110880	0.000000	0.042798	0.000000	0.046317
rr432755-1a-5p-miR	0.000000	0.055440	0.000000	0.085597	0.044684	0.000000
dme-miR-3643-5p_MIMAT0018059	0.000000	0.000000	0.000000	0.000000	0.000000	0.000000
dme-miR-2279-5p_MIMAT0011784	0.562919	0.524038	0.574306	0.610385	0.690216	0.560652
dme-miR-6-3p_MIMAT0000111	4.051211	4.887940	3.310819	4.529487	4.110973	3.458310
dme-miR-4976-5p_MIMAT0020206	5.079838	2.827428	3.695798	4.108637	4.110973	2.431624
dme-miR-31b-3p_MIMAT0020825	0.000000	0.000000	0.000000	0.000000	0.000000	0.000000
rr782755-1a-3p-miR	0.047475	0.166319	0.000000	0.000000	0.223422	0.138950
dme-miR-983-3p_MIMAT0020880_1	0.023738	0.110880	0.000000	0.042798	0.201080	0.000000
rr398966-1b-5p-miR	0.000000	0.000000	0.002310	0.000000	0.000000	0.000000
dme-miR-4911-3p_MIMAT0020504	0.000000	0.000000	0.000000	0.000000	0.000000	0.000000
dme-miR-973-3p_MIMAT0020870	0.332326	0.110880	0.346481	0.299588	0.312791	0.463167
dme-miR-307a-5p_MIMAT0020832	4.225286	3.381826	4.042279	5.435384	6.568620	3.473749
rr398966-1b-3p-miR	0.237376	0.110880	0.173241	0.485455	0.809534	0.370533
dme-miR-9384-5p_MIMAT0035231	0.000000	0.000000	0.000000	0.000000	0.000000	0.046317
dme-miR-2a-1-5p_MIMAT0020780	7.195872	14.131202	7.058176	10.232361	8.002247	10.455985
dme-miR-955-5p_MIMAT0005466	0.189900	0.000000	0.000000	0.042798	0.134053	0.092633
dme-miR-967-5p_MIMAT0005482	2.611132	2.661109	2.367620	2.567898	2.904492	2.362149
rr922319-1a-3p-miR	2.706082	3.270947	2.887342	2.482302	3.105572	1.945300
dme-miR-310-3p_MIMAT0000402	2.611132	1.164235	0.808456	2.567898	1.563957	0.787383
dme-miR-2493-3p_MIMAT0012201	0.000000	0.055440	0.000000	0.000000	0.000000	0.000000
dme-miR-281-3p_MIMAT0000345_1	162.958362	150.925539	147.341064	161.542193	143.805852	119.728556
dme-miR-276a-3p_MIMAT0000337	45082.638465	43374.469895	46133.508182	47329.223295	46562.532006	42291.090396
dme-miR-994-5p_MIMAT0005513	78.808705	0.776157	0.981696	0.941563	0.938374	5.511682
dme-miR-4946-5p_MIMAT0020156	0.000000	0.000000	0.000000	0.000000	0.000000	0.000000
dme-miR-288-3p_MIMAT0000363	0.000000	0.000000	0.000000	0.000000	0.000000	0.000000
dme-miR-969-3p_MIMAT0020866	11.916256	13.638184	13.570508	15.792574	14.701196	13.292880
dme-miR-4953-3p_MIMAT0020168	0.000000	0.055440	0.057747	0.000000	0.089369	0.000000
dme-miR-13b-1-5p_MIMAT0020796	24.710802	27.220928	26.245939	29.316837	26.430874	20.857934
dme-miR-987-3p_MIMAT0020885	4.605087	4.102543	2.887342	3.723452	4.825925	3.427433
dme-miR-4943-3p_MIMAT0020152	0.047475	0.000000	0.057747	0.000000	0.223422	0.000000
dme-miR-4942-3p_MIMAT0020150	0.055388	0.120120	0.153992	0.256790	0.186185	0.108072
rr129188-1a-5p-miR	0.000000	0.000000	0.000000	0.000000	0.000000	0.000000
rr742469-1a-3p-miR	0.332326	0.166319	0.115494	0.320987	0.000000	0.277900
dme-miR-9380-3p_MIMAT0035224	0.000000	0.000000	0.000000	0.000000	0.000000	0.023158
dme-miR-4974-3p_MIMAT0020204	0.023511	0.022704	0.007700	0.002853	0.011730	0.003308
dme-miR-996-3p_MIMAT0005515	1809.411472	1830.519633	1947.367830	1961.439072	1890.898570	1686.389454
dme-miR-985-3p_MIMAT0005502	0.142425	0.000000	0.057747	0.106996	0.000000	0.138950
rr242803-1a-3p-miR	0.142425	0.000000	0.000000	0.042798	0.000000	0.000000
rr645045-1a-5p-miR	2.278806	2.106711	1.385924	1.283949	1.429904	1.991616
dme-miR-2489-5p_MIMAT0020910	0.000000	0.110880	0.000000	0.000000	0.000000	0.000000
dme-miR-79-3p_MIMAT0000352	10.064726	9.147562	10.567672	12.154718	11.528598	8.568581
dme-miR-3644-3p_MIMAT0018062	0.000000	0.055440	0.057747	0.042798	0.000000	0.092633
dme-miR-981-3p_MIMAT0005497	6316.791538	5331.125440	5228.032515	5671.031876	5048.383908	3997.788734
rr622889-1a-5p-miR	1.614154	2.346950	1.559165	1.426610	2.271461	1.922141
dme-miR-315-5p_MIMAT0000407	5297.258464	6595.350902	5587.502483	5702.991508	5337.670040	5938.107970
dme-miR-4974-5p_MIMAT0020203	0.142425	0.000000	0.057747	0.042798	0.044684	0.092633
dme-miR-14-3p_MIMAT0000120	64128.424483	48998.445939	58076.457078	69014.944828	78033.935797	39550.906621
dme-miR-1002-3p_MIMAT0020864	0.094950	0.221759	0.115494	0.171193	0.223422	0.046317
rr498327-1a-5p-miR	0.000000	0.000000	0.115494	0.085597	0.044684	0.000000
rr488204-1a-5p-miR	0.000000	0.000000	0.000000	0.000000	0.000000	0.000000
dme-miR-4948-3p_MIMAT0020159	0.000000	0.000000	0.000000	0.000000	0.000000	0.000000
dme-miR-4-5p_MIMAT0020785	0.142425	0.388078	0.461975	0.171193	0.178738	0.277900
