mirID	youngRep2_ZT0	youngRep2_ZT4	youngRep2_ZT8	youngRep2_ZT12	youngRep2_ZT16	youngRep2_ZT20	youngRep3_ZT0	youngRep3_ZT4	youngRep3_ZT8	youngRep3_ZT12	youngRep3_ZT16	youngRep3_ZT20	oldRep1_ZT0	oldRep1_ZT4	oldRep1_ZT8	oldRep1_ZT12	oldRep1_ZT16	oldRep1_ZT20	oldRep2_ZT0	oldRep2_ZT4	oldRep2_ZT8	oldRep2_ZT12	oldRep2_ZT16	oldRep2_ZT20
dme-miR-965-3p_MIMAT0005480	618.0	686.0	729.0	676.0	362.0	539.0	571.0	831.0	479.0	821.0	780.0	683.0	798.0	679.0	549.0	826.0	788.0	492.0	880.0	731.0	884.0	692.0	455.0	489.0
dme-miR-965-5p_MIMAT0020861	431.0	471.0	665.0	499.0	372.0	448.0	394.5	422.0	442.0	424.0	558.5	480.0	319.0	221.0	288.0	412.0	409.0	331.0	301.0	289.0	277.0	372.0	217.0	293.0
dme-miR-375-3p_MIMAT0005472	5819.66666667	6235.66666667	5943.66666667	5670.33333333	5055.18888889	6071.33333333	4955.33333333	7365.33333333	6923.85555556	6996.33333333	6900.18888889	6694.16666667	2392.33333333	2370.83333333	1977.33333333	3279.5	2773.16666667	3035.0	3093.0	2734.16666667	2835.91666667	3874.0	3088.16666667	1931.83333333
dme-miR-375-5p_MIMAT0020853	13.0	39.0	25.0	28.0	14.0	14.0	11.0	13.0	14.0	13.0	23.0	11.0	5.0	11.0	4.0	3.0	3.0	2.0	8.0	5.0	3.0	22.0	10.0	3.0
dme-miR-2280-5p_MIMAT0011786	0.0	0.0	0.0	0.0	0.0	0.0	0.0	0.0	0.0	0.0	0.0	2.0	0.0	0.0	0.0	0.0	2.0	0.0	0.0	0.0	0.0	0.0	0.0	0.0
dme-miR-2280-3p_MIMAT0011787	1.0	0.0	0.0	0.0	0.0	4.0	2.0	0.0	0.0	2.0	4.0	0.0	4.0	1.0	1.0	0.0	0.0	0.0	0.0	0.0	3.0	0.0	0.0	1.0
dme-miR-4914-5p_MIMAT0020507	0.0	0.0	1.0	2.0	0.0	0.0	0.0	2.0	0.0	0.0	0.0	1.0	0.0	0.0	0.0	0.0	0.5	0.0	1.0	1.0	0.0	0.0	0.0	0.0
dme-miR-4971-5p_MIMAT0020198	10.0	14.0	17.0	15.0	13.0	7.0	10.0	9.0	16.0	12.0	14.0	12.0	8.0	9.0	9.0	10.0	6.0	14.0	10.0	17.0	6.0	13.0	11.0	6.0
dme-miR-4972-5p_MIMAT0020199	2.0	2.0	2.0	0.0	0.0	1.0	0.0	0.0	2.0	0.0	2.0	0.0	0.0	0.0	0.0	0.0	0.0	1.0	1.0	0.0	0.0	0.0	0.0	0.0
